Time (s),Surge Velocity,Sway Velocity,Yaw Rate,Position X,Position Y,Yaw Angle,Speed U,Rudder Angle (rad),Abs Sway,Abs Rudder
0,0.0,0.0,0.0,0.0,0.0,32.445,7.7175,0.0,0.0,0.0
4,-1.4009e-06,-0.0047171,0.015864,26.053,16.559,32.478,7.7175,-2.7148e-05,0.0047171,2.7148e-05
8,-1.5462e-05,-0.011968,0.030069,52.1,33.127,32.569,7.7175,-0.0070267,0.011968,0.0070267
12,-0.00011894,-0.016921,0.034185,78.128,49.726,32.685,7.7174,-0.025758,0.016921,0.025758
16,-0.00032515,-0.021837,0.032802,104.13,66.36,32.845,7.7172,0.055466,0.021837,0.055466
20,-0.00059848,-0.017674,0.017867,130.09,83.06,32.929,7.7169,0.0070809,0.017674,0.0070809
24,-0.00094053,-0.0097717,-0.0014587,156.02,99.802,32.967,7.7166,0.04857,0.0097717,0.04857
28,-0.001107,-0.0030341,-0.0084984,181.94,116.57,32.95,7.7164,0.046404,0.0030341,0.046404
32,-0.0011325,-0.0012932,0.00034334,207.84,133.35,32.922,7.7164,-0.0045925,0.0012932,0.0045925
36,-0.0013465,0.0052008,-0.011455,233.75,150.13,32.903,7.7162,0.034132,0.0052008,0.034132
40,-0.0013507,0.0061628,-0.0048651,259.66,166.91,32.875,7.7162,0.028808,0.0061628,0.028808
44,-0.0013619,0.0039377,0.0039066,285.57,183.67,32.883,7.7161,0.036914,0.0039377,0.036914
48,-0.0013918,0.0047646,0.0015492,311.48,200.45,32.896,7.7161,0.030966,0.0047646,0.030966
52,-0.0015064,0.0078181,-0.002973,337.38,217.23,32.878,7.716,-0.0033228,0.0078181,0.0033228
56,-0.0015076,0.0080191,-0.0010956,363.28,234.01,32.872,7.716,0.014524,0.0080191,0.014524
60,-0.0014748,0.0065351,0.0041478,389.19,250.79,32.876,7.716,0.0074903,0.0065351,0.0074903
64,-0.001815,0.013457,-0.012694,415.09,267.57,32.845,7.7157,0.0044773,0.013457,0.0044773
68,-0.0017921,0.013243,-0.0054104,441.0,284.35,32.806,7.7157,0.0025547,0.013243,0.0025547
72,-0.0020959,0.019378,-0.016929,466.9,301.12,32.746,7.7154,-0.0063224,0.019378,0.0063224
76,-0.0020695,0.018686,-0.0099625,492.83,317.86,32.701,7.7155,0.023322,0.018686,0.023322
80,-0.002063,0.018947,-0.007929,518.76,334.59,32.66,7.7155,0.0090834,0.018947,0.0090834
84,-0.0020107,0.014127,0.0033167,544.71,351.3,32.66,7.7155,0.024205,0.014127,0.024205
88,-0.0021949,0.019034,-0.012532,570.66,368.01,32.635,7.7153,0.022544,0.019034,0.022544
92,-0.0021886,0.018976,-0.0098149,596.61,384.7,32.598,7.7153,0.035288,0.018976,0.035288
96,-0.0021753,0.018764,-0.0064433,622.58,401.38,32.557,7.7153,0.0049039,0.018764,0.0049039
100,-0.0022192,0.020344,-0.010282,648.55,418.05,32.521,7.7153,0.012436,0.020344,0.012436
104,-0.0021862,0.019511,-0.0068032,674.54,434.7,32.487,7.7153,0.014731,0.019511,0.014731
108,-0.0023815,0.025258,-0.02185,700.53,451.34,32.432,7.7152,0.040615,0.025258,0.040615
112,-0.0023958,0.016706,0.0068741,726.54,467.95,32.396,7.7151,-0.015031,0.016706,0.015031
116,-0.002747,0.020297,-0.0077537,752.55,484.55,32.377,7.7148,-0.023759,0.020297,0.023759
120,-0.0026784,0.017036,-0.00043658,778.58,501.13,32.365,7.7148,0.0063244,0.017036,0.0063244
124,-0.0027892,0.019919,-0.009813,804.6,517.71,32.335,7.7147,0.0040747,0.019919,0.0040747
128,-0.0027174,0.014768,0.0026822,830.64,534.27,32.333,7.7148,0.027188,0.014768,0.027188
132,-0.0029793,0.021106,-0.019105,856.68,550.83,32.312,7.7145,0.070842,0.021106,0.070842
136,-0.0029797,0.017094,-0.0017344,882.73,567.38,32.266,7.7145,0.013641,0.017094,0.013641
140,-0.003115,0.021882,-0.015789,908.78,583.91,32.227,7.7144,0.024848,0.021882,0.024848
144,-0.0030228,0.018409,-0.0030706,934.85,600.43,32.191,7.7145,0.013156,0.018409,0.013156
148,-0.0029291,0.015397,0.0025286,960.93,616.92,32.186,7.7146,0.0015841,0.015397,0.0015841
152,-0.0028829,0.014572,-8.0401e-05,987.01,633.41,32.191,7.7146,0.014379,0.014572,0.014379
156,-0.0029593,0.012617,-0.00096202,1013.1,649.9,32.213,7.7146,0.070011,0.012617,0.070011
160,-0.0029466,0.012059,0.0014713,1039.2,666.39,32.198,7.7146,-0.00070335,0.012059,0.00070335
164,-0.0030972,0.017164,-0.014154,1065.3,682.87,32.177,7.7144,0.039214,0.017164,0.039214
168,-0.003141,0.013804,0.0031945,1091.4,699.35,32.129,7.7144,-0.047382,0.013804,0.047382
172,-0.003159,0.012484,0.0016275,1117.5,715.81,32.143,7.7144,0.0039057,0.012484,0.0039057
176,-0.0030873,0.010517,0.0024561,1143.6,732.27,32.161,7.7144,0.034366,0.010517,0.034366
180,-0.003027,0.0092027,0.0050435,1169.7,748.73,32.164,7.7145,-0.0056931,0.0092027,0.0056931
184,-0.0030599,0.010282,7.9735e-05,1195.8,765.2,32.166,7.7144,-0.0022242,0.010282,0.0022242
188,-0.0030106,0.0095892,0.0019705,1221.9,781.66,32.164,7.7145,-0.0026098,0.0095892,0.0026098
192,-0.002986,0.010287,-0.0021255,1248.0,798.12,32.171,7.7145,0.029778,0.010287,0.029778
196,-0.0030292,0.012766,-0.0054068,1274.1,814.59,32.14,7.7145,-0.0055486,0.012766,0.0055486
200,-0.0029932,0.012136,-0.0039154,1300.2,831.04,32.136,7.7145,0.041373,0.012136,0.041373
204,-0.0029357,0.010416,0.00089406,1326.3,847.49,32.135,7.7146,0.031565,0.010416,0.031565
208,-0.0028993,0.0056471,0.0098716,1352.4,863.93,32.168,7.7146,0.03923,0.0056471,0.03923
212,-0.0030683,0.0087399,0.00064267,1378.5,880.39,32.164,7.7144,-0.019733,0.0087399,0.019733
216,-0.0031437,0.0075821,-0.00043128,1404.6,896.85,32.193,7.7144,0.067563,0.0075821,0.067563
220,-0.0031228,0.0072441,0.0037977,1430.7,913.31,32.181,7.7144,-0.0074043,0.0072441,0.0074043
224,-0.0031305,0.0090973,-0.0030283,1456.8,929.78,32.188,7.7144,0.027565,0.0090973,0.027565
228,-0.0030665,0.007085,0.0027118,1482.9,946.24,32.197,7.7144,0.036991,0.007085,0.036991
232,-0.003026,0.0073398,0.0028029,1509.0,962.71,32.196,7.7145,-0.00021765,0.0073398,0.00021765
236,-0.004055,-0.018367,0.070415,1535.1,979.16,32.305,7.7135,-0.14056,0.018367,0.14056
240,-0.007135,-0.070371,0.1663,1561.2,995.6,32.775,7.7107,-0.16572,0.070371,0.16572
244,-0.010782,-0.12819,0.23547,1587.2,1012.1,33.594,7.7078,-0.11794,0.12819,0.11794
248,-0.014795,-0.18049,0.27279,1613.1,1028.9,34.629,7.7048,-0.070899,0.18049,0.070899
252,-0.019311,-0.21797,0.27174,1638.7,1046.0,35.755,7.7013,0.038699,0.21797,0.038699
256,-0.023454,-0.22507,0.21815,1664.1,1063.5,36.741,7.6973,0.061921,0.22507,0.061921
260,-0.027065,-0.21816,0.16886,1689.1,1081.3,37.52,7.6935,0.07563,0.21816,0.07563
264,-0.02966,-0.20533,0.13867,1714.0,1099.5,38.104,7.6906,-0.0066159,0.20533,0.0066159
268,-0.031796,-0.18778,0.10827,1738.5,1118.0,38.584,7.688,0.0041887,0.18778,0.0041887
272,-0.032877,-0.18916,0.13347,1763.0,1136.7,39.076,7.687,0.0034907,0.18916,0.0034907
276,-0.034367,-0.19911,0.16669,1787.2,1155.6,39.665,7.6857,-0.056131,0.19911,0.056131
280,-0.036332,-0.21121,0.18644,1811.3,1174.7,40.374,7.6841,-0.039098,0.21121,0.039098
284,-0.0388,-0.22279,0.19525,1835.1,1194.1,41.158,7.6819,0.017081,0.22279,0.017081
288,-0.041175,-0.22831,0.19276,1858.7,1213.8,41.925,7.6797,-0.017585,0.22831,0.017585
292,-0.04377,-0.22762,0.17501,1882.0,1233.8,42.683,7.6771,0.058819,0.22762,0.058819
296,-0.045973,-0.21372,0.14149,1905.1,1254.1,43.295,7.6745,0.010589,0.21372,0.010589
300,-0.047321,-0.20145,0.12379,1927.9,1274.6,43.831,7.6728,0.042357,0.20145,0.042357
304,-0.048118,-0.19055,0.11534,1950.5,1295.4,44.313,7.6717,0.04289,0.19055,0.04289
308,-0.04866,-0.17599,0.098912,1972.8,1316.4,44.74,7.6709,0.039219,0.17599,0.039219
312,-0.048609,-0.16829,0.10399,1995.0,1337.6,45.139,7.6707,0.0048778,0.16829,0.0048778
316,-0.04852,-0.161,0.10291,2017.1,1358.9,45.547,7.6707,0.00072119,0.161,0.00072119
320,-0.048308,-0.15585,0.10329,2038.9,1380.5,45.961,7.6708,0.014467,0.15585,0.014467
324,-0.048127,-0.14965,0.096958,2060.6,1402.2,46.375,7.6708,0.049114,0.14965,0.049114
328,-0.047825,-0.14121,0.087074,2082.1,1424.0,46.749,7.671,0.051406,0.14121,0.051406
332,-0.047323,-0.13163,0.077441,2103.5,1446.1,47.08,7.6713,0.043162,0.13163,0.043162
336,-0.046832,-0.11715,0.056999,2124.7,1468.2,47.353,7.6716,0.059895,0.11715,0.059895
340,-0.046016,-0.10176,0.043045,2145.8,1490.6,47.541,7.6722,0.024789,0.10176,0.024789
344,-0.044912,-0.089419,0.036523,2166.7,1513.0,47.703,7.6731,0.039061,0.089419,0.039061
348,-0.043789,-0.076174,0.028433,2187.6,1535.5,47.818,7.6741,0.0077785,0.076174,0.0077785
352,-0.042495,-0.066248,0.024699,2208.4,1558.1,47.932,7.6753,0.041022,0.066248,0.041022
356,-0.041171,-0.060125,0.027361,2229.1,1580.7,48.05,7.6766,0.057204,0.060125,0.057204
360,-0.039888,-0.051452,0.020805,2249.8,1603.4,48.146,7.6778,0.041708,0.051452,0.041708
364,-0.038514,-0.045119,0.020805,2270.4,1626.2,48.225,7.6791,0.020431,0.045119,0.020431
368,-0.037298,-0.036499,0.012903,2291.0,1649.0,48.282,7.6803,0.0083976,0.036499,0.0083976
372,-0.036284,-0.023891,-0.0047043,2311.5,1671.8,48.295,7.6813,0.031311,0.023891,0.031311
376,-0.034992,-0.015363,-0.0072129,2332.0,1694.7,48.273,7.6825,0.035081,0.015363,0.035081
380,-0.03401,-0.0018763,-0.0235,2352.5,1717.6,48.206,7.6835,0.035827,0.0018763,0.035827
384,-0.032683,0.00069387,-0.010183,2373.0,1740.5,48.147,7.6848,0.03473,0.00069387,0.03473
388,-0.031584,0.0084389,-0.017594,2393.5,1763.4,48.083,7.6859,0.018817,0.0084389,0.018817
392,-0.030365,0.011157,-0.012478,2414.1,1786.3,48.023,7.6871,0.019164,0.011157,0.019164
396,-0.029412,0.017924,-0.020396,2434.6,1809.2,47.946,7.6881,0.0045127,0.017924,0.0045127
400,-0.028342,0.021263,-0.020194,2455.2,1832.1,47.87,7.6892,0.030899,0.021263,0.030899
404,-0.027421,0.026363,-0.026745,2475.7,1854.9,47.787,7.6901,0.057502,0.026363,0.057502
408,-0.026458,0.028993,-0.02249,2496.4,1877.8,47.678,7.6911,0.009168,0.028993,0.009168
412,-0.02557,0.032347,-0.025165,2517.0,1900.6,47.581,7.692,0.017186,0.032347,0.017186
416,-0.024748,0.036332,-0.030168,2537.7,1923.4,47.475,7.6928,0.037928,0.036332,0.037928
420,-0.023906,0.037835,-0.02601,2558.4,1946.1,47.356,7.6937,0.0088296,0.037835,0.0088296
424,-0.023186,0.040659,-0.031448,2579.1,1968.9,47.255,7.6944,0.055654,0.040659,0.055654
428,-0.022506,0.043259,-0.030034,2599.9,1991.6,47.115,7.6951,-0.0021309,0.043259,0.0021309
432,-0.021808,0.042313,-0.022593,2620.8,2014.2,46.999,7.6958,-0.018985,0.042313,0.018985
436,-0.021176,0.043862,-0.027526,2641.7,2036.8,46.9,7.6964,0.015798,0.043862,0.015798
440,-0.02045,0.042097,-0.021114,2662.6,2059.4,46.799,7.6972,0.0055521,0.042097,0.0055521
444,-0.019863,0.043692,-0.028538,2683.6,2081.9,46.712,7.6978,0.0509,0.043692,0.0509
448,-0.019197,0.040627,-0.017965,2704.6,2104.5,46.614,7.6984,0.009678,0.040627,0.009678
452,-0.018689,0.041389,-0.020996,2725.6,2126.9,46.521,7.6989,-0.013935,0.041389,0.013935
456,-0.018277,0.043955,-0.027652,2746.7,2149.4,46.414,7.6993,-0.0044313,0.043955,0.0044313
460,-0.017703,0.042546,-0.024414,2767.8,2171.8,46.324,7.6999,0.040658,0.042546,0.040658
464,-0.017102,0.039256,-0.015319,2789.0,2194.2,46.239,7.7005,0.0047517,0.039256,0.0047517
468,-0.016583,0.039582,-0.02023,2810.2,2216.5,46.166,7.701,0.016555,0.039582,0.016555
472,-0.016141,0.036659,-0.017266,2831.4,2238.8,46.115,7.7014,0.067174,0.036659,0.067174
476,-0.015627,0.032858,-0.0094957,2852.7,2261.1,46.06,7.7019,0.025807,0.032858,0.025807
480,-0.015138,0.033429,-0.015591,2874.0,2283.4,46.006,7.7024,0.020736,0.033429,0.020736
484,-0.014637,0.028687,-0.007095,2895.3,2305.6,45.975,7.7029,0.042358,0.028687,0.042358
488,-0.014301,0.03029,-0.012765,2916.7,2327.8,45.913,7.7033,-0.016308,0.03029,0.016308
492,-0.01388,0.030431,-0.016742,2938.0,2350.1,45.869,7.7037,0.043913,0.030431,0.043913
496,-0.013382,0.024989,-0.0015985,2959.4,2372.2,45.826,7.7042,-0.00097101,0.024989,0.00097101
500,-0.013209,0.027231,-0.010828,2980.8,2394.4,45.78,7.7043,-0.028161,0.027231,0.028161
504,-0.01271,0.020786,0.001908,3002.2,2416.6,45.775,7.7048,0.017813,0.020786,0.017813
508,-0.012351,0.02252,-0.0094437,3023.7,2438.7,45.762,7.7052,0.032618,0.02252,0.032618
512,-0.011906,0.016439,0.0072801,3045.1,2460.8,45.743,7.7056,-0.024173,0.016439,0.024173
516,-0.011656,0.017554,-0.0030102,3066.6,2483.0,45.746,7.7059,-0.00042927,0.017554,0.00042927
520,-0.011219,0.014457,0.0012992,3088.0,2505.1,45.753,7.7063,0.028958,0.014457,0.028958
524,-0.010828,0.01401,-0.00089448,3109.5,2527.2,45.753,7.7067,0.021917,0.01401,0.021917
528,-0.010473,0.014465,-0.0029701,3131.0,2549.3,45.739,7.707,0.0089839,0.014465,0.0089839
532,-0.010113,0.013829,-0.0011753,3152.5,2571.4,45.725,7.7074,0.00068597,0.013829,0.00068597
536,-0.0097607,0.0074914,0.010871,3174.0,2593.6,45.76,7.7077,0.03476,0.0074914,0.03476
540,-0.0095616,0.011065,-0.0037038,3195.4,2615.7,45.769,7.7079,0.026661,0.011065,0.026661
544,-0.009204,0.0048565,0.012518,3216.9,2637.8,45.792,7.7083,0.015356,0.0048565,0.015356
548,-0.0090729,0.0087225,-0.0020135,3238.4,2659.9,45.803,7.7084,0.010547,0.0087225,0.010547
552,-0.0087947,0.0072547,0.0010526,3259.9,2682.0,45.817,7.7087,0.047647,0.0072547,0.047647
556,-0.0085076,0.0067156,0.0043084,3281.3,2704.2,45.815,7.709,-0.0029729,0.0067156,0.0029729
560,-0.0081941,0.0024948,0.014205,3302.8,2726.3,45.843,7.7093,-0.018358,0.0024948,0.018358
564,-0.0079269,0.00062204,0.012018,3324.3,2748.4,45.9,7.7096,0.0162,0.00062204,0.0162
568,-0.0077421,0.00082595,0.0097106,3345.7,2770.6,45.928,7.7098,-0.01489,0.00082595,0.01489
572,-0.0076295,0.0041003,-0.0018299,3367.2,2792.8,45.951,7.7099,0.035424,0.0041003,0.035424
576,-0.0073598,0.0038011,0.0028417,3388.6,2815.0,45.951,7.7101,0.015584,0.0038011,0.015584
580,-0.0071153,0.0027724,0.004942,3410.0,2837.1,45.975,7.7104,0.033888,0.0027724,0.033888
584,-0.0070911,0.0048237,-0.0031527,3431.4,2859.3,45.999,7.7104,0.07872,0.0048237,0.07872
588,-0.006935,0.0012971,0.010077,3452.9,2881.5,46.01,7.7106,0.023026,0.0012971,0.023026
592,-0.0068033,0.0042511,9.2239e-05,3474.3,2903.7,46.028,7.7107,0.025984,0.0042511,0.025984
596,-0.0065526,0.00065648,0.010557,3495.7,2925.9,46.055,7.7109,0.02212,0.00065648,0.02212
600,-0.0063826,0.0003813,0.010074,3517.1,2948.1,46.083,7.7111,-0.0094794,0.0003813,0.0094794
604,-0.0062613,0.0013963,0.0058719,3538.5,2970.4,46.109,7.7112,0.00031675,0.0013963,0.00031675
608,-0.0061295,0.0011621,0.0080599,3559.8,2992.6,46.124,7.7114,-0.018811,0.0011621,0.018811
612,-0.0061376,0.003036,0.0038118,3581.2,3014.9,46.133,7.7114,-0.022624,0.003036,0.022624
616,-0.006013,0.001203,0.0057548,3602.6,3037.1,46.175,7.7115,0.051757,0.001203,0.051757
620,-0.0058493,-0.00037511,0.0091413,3623.9,3059.4,46.209,7.7117,0.034049,0.00037511,0.034049
624,-0.0057016,0.00060684,0.0063404,3645.3,3081.6,46.231,7.7118,0.0078962,0.00060684,0.0078962
628,-0.0056379,0.0025684,0.0031789,3666.6,3103.9,46.236,7.7119,-0.010703,0.0025684,0.010703
632,-0.0054562,0.0016199,0.0063488,3687.9,3126.2,46.257,7.712,0.0095945,0.0016199,0.0095945
636,-0.0054523,0.0063803,-0.0067909,3709.2,3148.5,46.262,7.7121,0.042281,0.0063803,0.042281
640,-0.0053131,0.0053688,0.0039139,3730.5,3170.8,46.238,7.7122,-0.021414,0.0053688,0.021414
644,-0.0051611,0.0041854,0.0049523,3751.9,3193.1,46.265,7.7123,0.02218,0.0041854,0.02218
648,-0.0050781,0.0058612,0.0014028,3773.2,3215.4,46.266,7.7124,-0.00083922,0.0058612,0.00083922
652,-0.0048934,0.0036565,0.0068838,3794.5,3237.7,46.287,7.7126,0.01668,0.0036565,0.01668
656,-0.0048118,0.0038287,0.0028232,3815.8,3260.0,46.32,7.7127,0.04944,0.0038287,0.04944
660,-0.0046615,-0.00027751,0.015436,3837.1,3282.4,46.343,7.7128,-0.013513,0.00027751,0.013513
664,-0.004722,0.0028548,0.0026902,3858.4,3304.7,46.373,7.7128,0.0080367,0.0028548,0.0080367
668,-0.0047841,0.0081989,-0.010909,3879.6,3327.0,46.369,7.7127,0.056805,0.0081989,0.056805
672,-0.0046556,0.0057822,0.004731,3900.9,3349.4,46.342,7.7128,-0.014751,0.0057822,0.014751
676,-0.0046948,0.0097387,-0.0068074,3922.2,3371.7,46.339,7.7128,0.023674,0.0097387,0.023674
680,-0.0045454,0.007659,0.0040517,3943.5,3394.1,46.323,7.713,-0.013691,0.007659,0.013691
684,-0.0044853,0.0086153,-0.0016674,3964.7,3416.4,46.338,7.713,0.036219,0.0086153,0.036219
688,-0.0043836,0.0051447,0.0068645,3986.0,3438.7,46.359,7.7131,0.038814,0.0051447,0.038814
692,-0.0043729,0.0081248,-0.0015439,4007.3,3461.1,46.357,7.7131,0.007806,0.0081248,0.007806
696,-0.0041969,0.0043019,0.009455,4028.6,3483.4,46.373,7.7133,0.0034575,0.0043019,0.0034575
700,-0.0042602,0.0086608,-0.0057397,4049.8,3505.8,46.384,7.7132,0.036536,0.0086608,0.036536
704,-0.0041271,0.0032682,0.011267,4071.1,3528.1,46.398,7.7134,0.013762,0.0032682,0.013762
708,-0.0044105,0.011851,-0.014374,4092.4,3550.5,46.39,7.7131,0.039591,0.011851,0.039591
712,-0.0043609,0.010707,-0.0052149,4113.6,3572.9,46.365,7.7131,0.049981,0.010707,0.049981
716,-0.0042778,0.012121,-0.0056441,4134.9,3595.2,46.34,7.7132,0.025027,0.012121,0.025027
720,-0.0041179,0.0088717,0.004807,4156.1,3617.6,46.337,7.7134,0.0090907,0.0088717,0.0090907
724,-0.0040622,0.0080867,0.0055272,4177.4,3639.9,46.344,7.7134,-0.01578,0.0080867,0.01578
728,-0.0040183,0.0086855,-0.00040008,4198.7,3662.3,46.365,7.7135,0.033871,0.0086855,0.033871
732,-0.0038804,0.0060919,0.0074371,4220.0,3684.6,46.371,7.7136,0.00041397,0.0060919,0.00041397
736,-0.0040139,0.0096878,-0.0076645,4241.2,3707.0,46.392,7.7135,0.072622,0.0096878,0.072622
740,-0.0039723,0.011363,-0.0052696,4262.5,3729.3,46.352,7.7135,0.008106,0.011363,0.008106
744,-0.0038492,0.0089055,0.0019123,4283.7,3751.7,46.356,7.7137,0.030238,0.0089055,0.030238
748,-0.0038326,0.010582,-0.0015444,4305.0,3774.0,46.342,7.7137,-0.0036728,0.010582,0.0036728
752,-0.0037534,0.010556,-0.00081819,4326.3,3796.4,46.335,7.7138,0.0058235,0.010556,0.0058235
756,-0.0036419,0.0083261,0.0033188,4347.6,3818.7,46.35,7.7139,0.030456,0.0083261,0.030456
760,-0.0035509,0.0078658,0.0033656,4368.8,3841.1,46.358,7.714,0.010508,0.0078658,0.010508
764,-0.0037183,0.010157,-0.007447,4390.1,3863.4,46.376,7.7138,0.085365,0.010157,0.085365
768,-0.0037779,0.011986,-0.0079017,4411.4,3885.8,46.348,7.7137,0.051145,0.011986,0.051145
772,-0.0037011,0.012196,-0.004413,4432.6,3908.2,46.322,7.7138,0.025307,0.012196,0.025307
776,-0.0036579,0.0089801,0.0028764,4453.9,3930.5,46.335,7.7138,0.048404,0.0089801,0.048404
780,-0.0036159,0.0099475,0.00023817,4475.2,3952.8,46.329,7.7139,0.0053366,0.0099475,0.0053366
784,-0.0035253,0.0086347,0.0016852,4496.5,3975.2,46.342,7.714,0.033265,0.0086347,0.033265
788,-0.0034619,0.0082019,0.0010476,4517.7,3997.5,46.354,7.714,0.037718,0.0082019,0.037718
792,-0.0034365,0.0098029,-0.0016114,4539.0,4019.9,46.341,7.7141,0.0030777,0.0098029,0.0030777
796,-0.0033272,0.0082398,0.0028375,4560.3,4042.2,46.345,7.7142,0.012133,0.0082398,0.012133
800,-0.003253,0.0080881,0.0017133,4581.6,4064.6,46.354,7.7143,0.018396,0.0080881,0.018396
804,-0.0032494,0.0092858,-0.00021054,4602.8,4086.9,46.344,7.7143,-0.0062495,0.0092858,0.0062495
808,-0.0032586,0.0088932,-0.0018628,4624.1,4109.3,46.361,7.7142,0.056397,0.0088932,0.056397
812,-0.0032473,0.0099112,-0.0007686,4645.4,4131.7,46.338,7.7143,-0.0057676,0.0099112,0.0057676
816,-0.003634,0.017542,-0.017304,4666.6,4154.0,46.286,7.7139,-0.011053,0.017542,0.011053
820,-0.0040865,0.027556,-0.038326,4687.9,4176.4,46.202,7.7135,0.095809,0.027556,0.095809
824,-0.0044558,0.039564,-0.048854,4709.2,4198.7,46.008,7.7131,0.020982,0.039564,0.020982
828,-0.0050572,0.054605,-0.067902,4730.5,4221.0,45.772,7.7126,0.043107,0.054605,0.043107
832,-0.0052617,0.060327,-0.059973,4752.0,4243.2,45.525,7.7125,0.047468,0.060327,0.047468
836,-0.0054656,0.06394,-0.054733,4773.4,4265.3,45.303,7.7123,0.047529,0.06394,0.047529
840,-0.005558,0.061184,-0.037187,4795.0,4287.4,45.113,7.7122,0.0036975,0.061184,0.0036975
844,-0.0058893,0.063087,-0.046297,4816.6,4309.4,44.977,7.7119,0.094113,0.063087,0.094113
848,-0.006098,0.060156,-0.033342,4838.3,4331.3,44.811,7.7116,0.026594,0.060156,0.026594
852,-0.0062086,0.062203,-0.041037,4860.0,4353.2,44.664,7.7115,0.035819,0.062203,0.035819
856,-0.0062709,0.062128,-0.039678,4881.8,4375.1,44.506,7.7115,0.035664,0.062128,0.035664
860,-0.0063557,0.062994,-0.041553,4903.7,4396.8,44.348,7.7114,0.039457,0.062994,0.039457
864,-0.0064824,0.065156,-0.044395,4925.6,4418.5,44.17,7.7113,0.019229,0.065156,0.019229
868,-0.0065713,0.06457,-0.039016,4947.6,4440.2,43.993,7.7112,-0.0053952,0.06457,0.0053952
872,-0.006757,0.064476,-0.043012,4969.6,4461.8,43.856,7.711,0.074769,0.064476,0.074769
876,-0.0069393,0.059471,-0.024683,4991.7,4483.3,43.69,7.7108,-0.044013,0.059471,0.044013
880,-0.0070033,0.058161,-0.031869,5013.9,4504.7,43.597,7.7107,0.048545,0.058161,0.048545
884,-0.0069464,0.05489,-0.02617,5036.1,4526.1,43.481,7.7107,0.024066,0.05489,0.024066
888,-0.0069069,0.054573,-0.030068,5058.3,4547.5,43.369,7.7108,0.026854,0.054573,0.026854
892,-0.006838,0.052393,-0.027471,5080.6,4568.8,43.261,7.7108,0.035459,0.052393,0.035459
896,-0.0067319,0.049025,-0.021908,5102.9,4590.1,43.164,7.7109,0.023318,0.049025,0.023318
900,-0.0066942,0.049169,-0.025792,5125.3,4611.3,43.06,7.711,0.0073984,0.049169,0.0073984
904,-0.0065427,0.044236,-0.016469,5147.8,4632.5,42.982,7.7111,0.018811,0.044236,0.018811
908,-0.0064001,0.041483,-0.016075,5170.2,4653.6,42.921,7.7112,0.026206,0.041483,0.026206
912,-0.0062277,0.037311,-0.010632,5192.7,4674.7,42.867,7.7114,0.015555,0.037311,0.015555
916,-0.0062193,0.039113,-0.020428,5215.2,4695.8,42.797,7.7114,0.0093684,0.039113,0.0093684
920,-0.0062657,0.039263,-0.024929,5237.8,4716.9,42.731,7.7113,0.075868,0.039263,0.075868
924,-0.0062224,0.031816,-0.0021468,5260.3,4737.9,42.659,7.7113,-0.020351,0.031816,0.020351
928,-0.0060938,0.030005,-0.0080856,5282.9,4758.9,42.646,7.7115,0.025936,0.030005,0.025936
932,-0.0058944,0.024413,0.00042606,5305.6,4779.9,42.636,7.7116,0.022239,0.024413,0.022239
936,-0.0057286,0.022044,-0.0022076,5328.2,4800.8,42.639,7.7118,0.035324,0.022044,0.035324
940,-0.0056829,0.024653,-0.012228,5350.8,4821.8,42.601,7.7119,0.0155,0.024653,0.0155
944,-0.0055079,0.018596,0.0020365,5373.5,4842.7,42.591,7.712,0.025795,0.018596,0.025795
948,-0.0054149,0.016829,0.0030466,5396.1,4863.6,42.582,7.7121,-0.02247,0.016829,0.02247
952,-0.0053437,0.017378,-0.0048557,5418.8,4884.6,42.585,7.7122,0.025998,0.017378,0.025998
956,-0.0051646,0.014495,0.0027477,5441.5,4905.5,42.572,7.7123,-0.0063144,0.014495,0.0063144
960,-0.0050367,0.012128,0.005454,5464.2,4926.4,42.579,7.7125,-0.013656,0.012128,0.013656
964,-0.0050332,0.012319,-0.0030452,5486.8,4947.3,42.606,7.7125,0.06432,0.012319,0.06432
968,-0.0050228,0.0085632,0.0051226,5509.5,4968.2,42.622,7.7125,0.055319,0.0085632,0.055319
972,-0.0048917,0.0060267,0.0080661,5532.2,4989.1,42.65,7.7126,0.030033,0.0060267,0.030033
976,-0.0048355,0.0056243,0.0033492,5554.9,5010.1,42.686,7.7127,0.056472,0.0056243,0.056472
980,-0.004725,0.0058544,0.0037824,5577.5,5031.0,42.689,7.7128,0.0056905,0.0058544,0.0056905
984,-0.0045678,0.0044396,0.0064323,5600.2,5051.9,42.709,7.7129,0.010064,0.0044396,0.010064
988,-0.0045171,0.0068125,-0.0012808,5622.8,5072.9,42.718,7.713,0.020976,0.0068125,0.020976
992,-0.0044594,0.0027336,0.0082362,5645.5,5093.8,42.751,7.713,0.051575,0.0027336,0.051575
996,-0.0044193,0.0038106,0.0056695,5668.1,5114.8,42.76,7.7131,-0.0088078,0.0038106,0.0088078
1000,-0.0043518,0.0030818,0.0076571,5690.8,5135.7,42.776,7.7131,-0.015339,0.0030818,0.015339
1004,-0.0042115,0.00019962,0.011377,5713.4,5156.7,42.824,7.7133,0.022773,0.00019962,0.022773
1008,-0.0042304,0.00062648,0.0099879,5736.0,5177.7,42.844,7.7133,-0.027248,0.00062648,0.027248
1012,-0.0041033,-0.0023085,0.013892,5758.6,5198.7,42.899,7.7134,0.011585,0.0023085,0.011585
1016,-0.0041031,0.00055685,0.0025174,5781.2,5219.7,42.936,7.7134,0.036438,0.00055685,0.036438
1020,-0.0039684,-0.0010676,0.0091128,5803.8,5240.7,42.958,7.7135,0.016123,0.0010676,0.016123
1024,-0.0042449,0.0029611,0.002091,5826.4,5261.7,42.949,7.7133,-0.049638,0.0029611,0.049638
1028,-0.0042113,0.0029631,0.0026416,5849.0,5282.8,42.967,7.7133,0.011577,0.0029631,0.011577
1032,-0.0041246,0.0043221,0.00074843,5871.5,5303.8,42.972,7.7134,0.014815,0.0043221,0.014815
1036,-0.0039923,0.0036272,0.004317,5894.1,5324.9,42.982,7.7135,0.013806,0.0036272,0.013806
1040,-0.0038822,0.0025207,0.0079412,5916.6,5345.9,42.998,7.7136,-0.0047267,0.0025207,0.0047267
1044,-0.0037977,0.0023544,0.0060355,5939.2,5367.0,43.028,7.7137,0.016052,0.0023544,0.016052
1048,-0.0037268,0.0021507,0.0072605,5961.7,5388.0,43.044,7.7138,-0.0074999,0.0021507,0.0074999
1052,-0.003684,0.0014845,0.0087783,5984.3,5409.1,43.066,7.7138,-0.013614,0.0014845,0.013614
1056,-0.0036047,9.0985e-05,0.0085514,6006.8,5430.2,43.112,7.7139,0.032245,9.0985e-05,0.032245
1060,-0.0035411,0.000911,0.0051684,6029.3,5451.3,43.14,7.714,0.026736,0.000911,0.026736
1064,-0.003589,0.0026353,-0.00081633,6051.8,5472.4,43.165,7.7139,0.064406,0.0026353,0.064406
1068,-0.0035564,0.00387,-0.00020466,6074.3,5493.5,43.163,7.7139,0.034427,0.00387,0.034427
1072,-0.0035057,0.006019,-0.0025873,6096.8,5514.6,43.155,7.714,0.023272,0.006019,0.023272
1076,-0.0034358,0.0069695,-0.0023201,6119.3,5535.7,43.15,7.7141,0.031013,0.0069695,0.031013
1080,-0.0033571,0.0054732,0.0058389,6141.8,5556.9,43.142,7.7141,-0.01534,0.0054732,0.01534
1084,-0.0033087,0.0046476,0.0062726,6164.3,5578.0,43.163,7.7142,-0.0016812,0.0046476,0.0016812
1088,-0.0032578,0.0026872,0.010661,6186.8,5599.1,43.186,7.7142,-0.018356,0.0026872,0.018356
1092,-0.00329,0.003552,0.0053144,6209.3,5620.2,43.212,7.7142,-0.0014516,0.003552,0.0014516
1096,-0.0035708,0.0089651,-0.012489,6231.8,5641.4,43.224,7.7139,0.089406,0.0089651,0.089406
1100,-0.0035797,0.0055999,0.006257,6254.2,5662.5,43.196,7.7139,-0.004388,0.0055999,0.004388
1104,-0.003801,0.010454,-0.0060235,6276.7,5683.7,43.18,7.7137,-0.013358,0.010454,0.013358
1108,-0.0037811,0.012027,-0.0085427,6299.2,5704.8,43.166,7.7137,0.044963,0.012027,0.044963
1112,-0.0043674,0.00079084,0.030594,6321.7,5726.0,43.158,7.7131,-0.16246,0.00079084,0.16246
1116,-0.022623,-0.098983,0.26808,6344.2,5747.0,43.706,7.6955,-0.43289,0.098983,0.43289
1120,-0.056411,-0.2488,0.51469,6366.6,5768.0,45.278,7.6651,-0.49272,0.2488,0.49272
1124,-0.091502,-0.39837,0.66896,6388.6,5789.3,47.697,7.6364,-0.33439,0.39837,0.33439
1128,-0.12246,-0.51106,0.7105,6410.0,5811.1,50.498,7.6122,-0.20084,0.51106,0.20084
1132,-0.14703,-0.55095,0.60263,6430.4,5833.6,53.162,7.5905,0.0034925,0.55095,0.0034925
1136,-0.16795,-0.54037,0.46048,6449.8,5856.8,55.297,7.5689,0.10217,0.54037,0.10217
1140,-0.18407,-0.49877,0.32707,6468.4,5880.7,56.858,7.5499,0.12024,0.49877,0.12024
1144,-0.19256,-0.46966,0.29087,6486.2,5905.1,58.061,7.5396,-0.0019434,0.46966,0.0019434
1148,-0.19883,-0.45574,0.30092,6503.4,5929.8,59.218,7.5325,-0.086434,0.45574,0.086434
1152,-0.20787,-0.47469,0.37668,6520.1,5954.9,60.581,7.5246,-0.12344,0.47469,0.12344
1156,-0.22046,-0.50483,0.4425,6536.2,5980.3,62.227,7.514,-0.14567,0.50483,0.14567
1160,-0.23552,-0.53581,0.48544,6551.6,6006.1,64.085,7.5011,-0.16031,0.53581,0.16031
1164,-0.25076,-0.54987,0.47071,6566.2,6032.3,66.031,7.487,-0.02308,0.54987,0.02308
1168,-0.26379,-0.54536,0.42925,6579.9,6058.9,67.829,7.4736,-0.01801,0.54536,0.01801
1172,-0.27449,-0.52536,0.37181,6592.7,6085.8,69.429,7.4615,0.01863,0.52536,0.01863
1176,-0.28234,-0.49872,0.32152,6604.8,6113.1,70.826,7.4519,0.067747,0.49872,0.067747
1180,-0.28714,-0.47554,0.29954,6616.1,6140.7,72.064,7.4456,0.028942,0.47554,0.028942
1184,-0.29029,-0.45781,0.29291,6626.7,6168.5,73.252,7.4413,0.014292,0.45781,0.014292
1188,-0.29266,-0.44823,0.30264,6636.7,6196.5,74.444,7.4384,-0.016057,0.44823,0.016057
1192,-0.29457,-0.43788,0.30066,6646.1,6224.7,75.643,7.4358,-0.034664,0.43788,0.034664
1196,-0.29589,-0.42589,0.29098,6654.8,6253.2,76.817,7.4338,-0.037361,0.42589,0.037361
1200,-0.29644,-0.41186,0.27571,6662.9,6281.8,77.946,7.4325,-0.01732,0.41186,0.01732
1204,-0.29637,-0.39132,0.24371,6670.4,6310.5,79.003,7.4314,0.073137,0.39132,0.073137
1208,-0.29461,-0.36612,0.21396,6677.3,6339.4,79.904,7.4319,0.026024,0.36612,0.026024
1212,-0.29171,-0.3382,0.18205,6683.7,6368.5,80.697,7.4335,0.056504,0.3382,0.056504
1216,-0.28755,-0.30787,0.15109,6689.6,6397.6,81.361,7.4363,0.064994,0.30787,0.064994
1220,-0.2819,-0.28335,0.14,6695.1,6426.9,81.941,7.441,0.048169,0.28335,0.048169
1224,-0.27604,-0.25464,0.11304,6700.2,6456.2,82.453,7.4458,0.07917,0.25464,0.07917
1228,-0.26916,-0.23455,0.1102,6705.0,6485.6,82.914,7.452,0.091215,0.23455,0.091215
1232,-0.26212,-0.20984,0.092904,6709.4,6515.1,83.298,7.4583,0.015739,0.20984,0.015739
1236,-0.25501,-0.18328,0.066359,6713.6,6544.7,83.628,7.4647,0.084518,0.18328,0.084518
1240,-0.24729,-0.1578,0.048013,6717.6,6574.3,83.86,7.4719,0.08338,0.1578,0.08338
1244,-0.23925,-0.13425,0.034915,6721.3,6603.9,84.026,7.4795,0.068956,0.13425,0.068956
1248,-0.23172,-0.10526,0.0043656,6724.9,6633.7,84.115,7.4865,0.11102,0.10526,0.11102
1252,-0.22359,-0.080585,-0.0073863,6728.3,6663.4,84.105,7.4943,0.071294,0.080585,0.071294
1256,-0.21562,-0.05802,-0.019863,6731.7,6693.2,84.065,7.5021,0.10094,0.05802,0.10094
1260,-0.20784,-0.035208,-0.030862,6735.0,6723.1,83.942,7.5097,0.024487,0.035208,0.024487
1264,-0.20013,-0.015859,-0.039528,6738.3,6752.9,83.804,7.5174,0.05105,0.015859,0.05105
1268,-0.19278,0.0030333,-0.051723,6741.6,6782.8,83.634,7.5247,0.088575,0.0030333,0.088575
1272,-0.18554,0.018379,-0.052477,6744.9,6812.8,83.411,7.532,0.024022,0.018379,0.024022
1276,-0.17875,0.034258,-0.06335,6748.4,6842.7,83.182,7.5388,0.053457,0.034258,0.053457
1280,-0.17217,0.04749,-0.066762,6751.8,6872.7,82.916,7.5455,0.033265,0.04749,0.033265
1284,-0.16611,0.062607,-0.079705,6755.4,6902.7,82.624,7.5517,0.053176,0.062607,0.053176
1288,-0.16027,0.075015,-0.085597,6759.1,6932.7,82.302,7.5576,0.071844,0.075015,0.071844
1292,-0.15474,0.083999,-0.085568,6762.9,6962.6,81.974,7.5632,0.083385,0.083999,0.083385
1296,-0.14939,0.089684,-0.077137,6766.9,6992.7,81.629,7.5686,-0.0030616,0.089684,0.0030616
1300,-0.14439,0.097847,-0.086824,6771.0,7022.7,81.311,7.5737,0.055698,0.097847,0.055698
1304,-0.13945,0.099866,-0.078358,6775.3,7052.7,80.988,7.5787,0.048747,0.099866,0.048747
1308,-0.13478,0.10405,-0.079985,6779.7,7082.7,80.665,7.5834,0.024672,0.10405,0.024672
1312,-0.13037,0.10917,-0.085759,6784.3,7112.7,80.335,7.5879,0.038175,0.10917,0.038175
1316,-0.1261,0.10962,-0.076799,6789.1,7142.6,79.998,7.5922,-0.0048952,0.10962,0.0048952
1320,-0.12205,0.11273,-0.083788,6794.0,7172.6,79.69,7.5963,0.055289,0.11273,0.055289
1324,-0.11807,0.11144,-0.075095,6799.1,7202.6,79.372,7.6002,0.029486,0.11144,0.029486
1328,-0.1143,0.11039,-0.069556,6804.3,7232.5,79.065,7.604,-0.020539,0.11039,0.020539
1332,-0.11062,0.11058,-0.07312,6809.7,7262.5,78.783,7.6077,0.022898,0.11058,0.022898
1336,-0.10701,0.1035,-0.05859,6815.3,7292.4,78.541,7.6112,0.058341,0.1035,0.058341
1340,-0.10348,0.10164,-0.058211,6821.0,7322.3,78.29,7.6147,-0.0050907,0.10164,0.0050907
1344,-0.09988,0.09527,-0.049064,6826.9,7352.2,78.083,7.6182,0.018242,0.09527,0.018242
1348,-0.096419,0.092347,-0.049917,6832.8,7382.1,77.88,7.6216,0.0092728,0.092347,0.0092728
1352,-0.093156,0.091488,-0.053571,6838.9,7412.0,77.665,7.6249,0.0031995,0.091488,0.0031995
1356,-0.089911,0.084508,-0.042671,6845.2,7441.8,77.491,7.6281,0.045544,0.084508,0.045544
1360,-0.086685,0.078575,-0.034681,6851.5,7471.7,77.328,7.6312,0.00045877,0.078575,0.00045877
1364,-0.083617,0.075792,-0.036695,6857.9,7501.5,77.175,7.6343,-0.0084332,0.075792,0.0084332
1368,-0.080581,0.071134,-0.031981,6864.5,7531.4,77.032,7.6373,-0.0082686,0.071134,0.0082686
1372,-0.077573,0.063459,-0.02071,6871.1,7561.2,76.921,7.6402,-0.015105,0.063459,0.015105
1376,-0.074774,0.061083,-0.025854,6877.8,7591.0,76.819,7.643,-0.0091284,0.061083,0.0091284
1380,-0.071927,0.051643,-0.012029,6884.6,7620.8,76.758,7.6457,0.025444,0.051643,0.025444
1384,-0.069171,0.047995,-0.014155,6891.4,7650.7,76.697,7.6485,0.001151,0.047995,0.001151
1388,-0.066508,0.043781,-0.014588,6898.3,7680.5,76.652,7.6511,0.040341,0.043781,0.040341
1392,-0.063933,0.036593,-0.0044731,6905.2,7710.3,76.62,7.6537,0.027148,0.036593,0.027148
1396,-0.061401,0.031842,-0.0018691,6912.1,7740.1,76.599,7.6562,-0.000202,0.031842,0.000202
1400,-0.059021,0.030005,-0.0063284,6919.1,7769.9,76.578,7.6585,0.0050144,0.030005,0.0050144
1404,-0.056659,0.025404,-0.0013535,6926.1,7799.8,76.568,7.6609,0.018216,0.025404,0.018216
1408,-0.054391,0.019289,0.0083052,6933.2,7829.6,76.571,7.6631,-0.017093,0.019289,0.017093
1412,-0.052216,0.01522,0.007541,6940.2,7859.4,76.607,7.6653,0.013266,0.01522,0.013266
1416,-0.050129,0.011626,0.0096951,6947.2,7889.3,76.633,7.6674,-0.0070717,0.011626,0.0070717
1420,-0.048118,0.0079887,0.010176,6954.3,7919.1,76.68,7.6694,0.022725,0.0079887,0.022725
1424,-0.046193,0.0054375,0.0099975,6961.3,7949.0,76.722,7.6713,0.023256,0.0054375,0.023256
1428,-0.044377,0.003198,0.0095197,6968.3,7978.9,76.77,7.6731,0.038479,0.003198,0.038479
1432,-0.042599,-0.00018694,0.014451,6975.3,8008.7,76.818,7.6749,0.018078,0.00018694,0.018078
1436,-0.040899,-0.0026678,0.016343,6982.3,8038.6,76.873,7.6766,4.4015e-05,0.0026678,4.4015e-05
1440,-0.039269,-0.00515,0.017209,6989.3,8068.6,76.941,7.6782,0.011142,0.00515,0.011142
1444,-0.037774,-0.008,0.017643,6996.3,8098.5,77.026,7.6797,0.047914,0.008,0.047914
1448,-0.037971,0.010135,-0.036508,7003.2,8128.4,77.031,7.6795,0.21698,0.010135,0.21698
1452,-0.062835,0.11498,-0.2809,7009.9,8158.3,76.452,7.6555,0.56605,0.11498,0.56605
1456,-0.13293,0.29449,-0.59351,7016.7,8188.1,74.685,7.5903,0.6954,0.29449,0.6954
1460,-0.21555,0.48479,-0.8234,7023.9,8217.4,71.822,7.5176,0.69808,0.48479,0.69808
1464,-0.3083,0.65674,-0.96856,7031.9,8246.2,68.211,7.4383,0.69813,0.65674,0.69813
1468,-0.41077,0.79398,-1.04,7041.1,8274.4,64.172,7.3497,0.69813,0.79398,0.69813
1472,-0.50163,0.87852,-1.0196,7051.7,8301.6,60.02,7.2692,0.51441,0.87852,0.51441
1476,-0.57859,0.91823,-0.95197,7063.8,8327.8,56.071,7.1977,0.44817,0.91823,0.44817
1480,-0.64159,0.92333,-0.85746,7077.5,8353.1,52.439,7.1359,0.31002,0.92333,0.31002
1484,-0.69568,0.91736,-0.7943,7092.4,8377.2,49.162,7.0815,0.40201,0.91736,0.40201
1488,-0.74798,0.91374,-0.76802,7108.6,8400.4,46.043,7.0292,0.41363,0.91374,0.41363
1492,-0.80126,0.91452,-0.76708,7125.8,8422.4,42.98,6.9764,0.48353,0.91452,0.48353
1496,-0.85378,0.91443,-0.76528,7144.1,8443.4,39.913,6.9244,0.47531,0.91443,0.47531
1500,-0.90484,0.91295,-0.76188,7163.2,8463.3,36.855,6.8736,0.47237,0.91295,0.47237
1504,-0.95277,0.90825,-0.75153,7183.3,8481.9,33.819,6.8254,0.43321,0.90825,0.43321
1508,-0.99692,0.90125,-0.73937,7204.1,8499.4,30.835,6.7807,0.44681,0.90125,0.44681
1512,-1.0352,0.88979,-0.71898,7225.7,8515.7,27.923,6.7412,0.45493,0.88979,0.45493
1516,-1.0697,0.87746,-0.70024,7248.0,8530.7,25.081,6.7055,0.41016,0.87746,0.41016
1520,-1.0999,0.86421,-0.68226,7270.9,8544.6,22.314,6.6738,0.38761,0.86421,0.38761
1524,-1.1275,0.85256,-0.67112,7294.3,8557.2,19.606,6.6449,0.39733,0.85256,0.39733
1528,-1.15,0.83731,-0.65,7318.3,8568.7,16.964,6.6207,0.36547,0.83731,0.36547
1532,-1.1698,0.82402,-0.63724,7342.6,8579.0,14.393,6.5994,0.3864,0.82402,0.3864
1536,-1.1864,0.81011,-0.62186,7367.3,8588.1,11.872,6.5812,0.34034,0.81011,0.34034
1540,-1.1982,0.7922,-0.59619,7392.4,8596.1,9.4347,6.5672,0.29081,0.7922,0.29081
1544,-1.2075,0.77683,-0.58126,7417.7,8602.9,7.0818,6.5562,0.30027,0.77683,0.30027
1548,-1.2127,0.75722,-0.55405,7443.3,8608.7,4.8096,6.5488,0.24134,0.75722,0.24134
1552,-1.2148,0.73831,-0.53213,7469.1,8613.3,2.6337,6.5444,0.20711,0.73831,0.20711
1556,-1.2133,0.71644,-0.50425,7495.0,8617.0,0.56585,6.5435,0.20178,0.71644,0.20178
1560,-1.209,0.6951,-0.48086,7521.0,8619.6,-1.4003,6.5455,0.18871,0.6951,0.18871
1564,-1.2018,0.67081,-0.4503,7547.2,8621.3,-3.2636,6.5502,0.12976,0.67081,0.12976
1568,-1.1918,0.64652,-0.42356,7573.4,8622.0,-5.0109,6.5577,0.10667,0.64652,0.10667
1572,-1.1791,0.61794,-0.38709,7599.6,8621.9,-6.6329,6.5675,0.056334,0.61794,0.056334
1576,-1.1638,0.58916,-0.35556,7625.9,8620.9,-8.117,6.5801,0.040328,0.58916,0.040328
1580,-1.1462,0.55804,-0.32161,7652.2,8619.1,-9.4621,6.595,0.048365,0.55804,0.048365
1584,-1.1266,0.52431,-0.28308,7678.5,8616.7,-10.675,6.6117,-0.025617,0.52431,0.025617
1588,-1.1052,0.48502,-0.23472,7704.8,8613.5,-11.716,6.6301,-0.092274,0.48502,0.092274
1592,-1.0813,0.44867,-0.20338,7731.1,8609.8,-12.592,6.6514,-0.0759,0.44867,0.0759
1596,-1.0567,0.40467,-0.15237,7757.4,8605.5,-13.311,6.6731,-0.14466,0.40467,0.14466
1600,-1.03,0.36202,-0.11439,7783.7,8600.7,-13.848,6.6973,-0.14496,0.36202,0.14496
1604,-1.0026,0.31487,-0.068991,7810.0,8595.5,-14.208,6.7222,-0.11805,0.31487,0.11805
1608,-0.97457,0.26477,-0.021528,7836.4,8590.0,-14.383,6.7481,-0.12838,0.26477,0.12838
1612,-0.94554,0.21539,0.019025,7862.8,8584.2,-14.395,6.7754,-0.17342,0.21539,0.17342
1616,-0.91693,0.1613,0.067806,7889.3,8578.2,-14.219,6.8025,-0.17055,0.1613,0.17055
1620,-0.88792,0.10834,0.10771,7915.8,8572.1,-13.868,6.8304,-0.16485,0.10834,0.16485
1624,-0.86035,0.050642,0.15792,7942.5,8565.9,-13.333,6.8573,-0.17201,0.050642,0.17201
1628,-0.83292,-0.0039529,0.1956,7969.3,8559.9,-12.634,6.8846,-0.20116,0.0039529,0.20116
1632,-0.80701,-0.059224,0.23229,7996.3,8553.9,-11.761,6.9107,-0.11721,0.059224,0.11721
1636,-0.78174,-0.108,0.25574,8023.4,8548.1,-10.792,6.9366,-0.15154,0.108,0.15154
1640,-0.75811,-0.15344,0.2749,8050.6,8542.7,-9.7206,6.9611,-0.10013,0.15344,0.10013
1644,-0.7361,-0.19458,0.29258,8078.0,8537.6,-8.5953,6.9841,-0.14413,0.19458,0.14413
1648,-0.71578,-0.23064,0.30087,8105.6,8532.8,-7.3913,7.0055,-0.055121,0.23064,0.055121
1652,-0.69696,-0.26252,0.3121,8133.3,8528.5,-6.1789,7.0254,-0.12624,0.26252,0.12624
1656,-0.67946,-0.2877,0.31101,8161.2,8524.7,-4.9291,7.0439,-0.075197,0.2877,0.075197
1660,-0.66331,-0.30812,0.30747,8189.2,8521.4,-3.6752,7.0609,-0.0075308,0.30812,0.0075308
1664,-0.64803,-0.32504,0.30974,8217.4,8518.6,-2.4593,7.0769,-0.10011,0.32504,0.10011
1668,-0.63361,-0.33525,0.29852,8245.6,8516.4,-1.2421,7.0918,-0.051931,0.33525,0.051931
1672,-0.61978,-0.34309,0.29157,8274.0,8514.7,-0.056277,7.106,-0.020296,0.34309,0.020296
1676,-0.6065,-0.34998,0.29088,8302.4,8513.6,1.1033,7.1196,-0.04832,0.34998,0.04832
1680,-0.59368,-0.3507,0.27719,8330.9,8513.0,2.2387,7.1324,-0.023441,0.3507,0.023441
1684,-0.58095,-0.34853,0.2653,8359.4,8513.0,3.3145,7.1451,-0.037425,0.34853,0.037425
1688,-0.56834,-0.34384,0.253,8388.0,8513.5,4.3412,7.1574,-0.039884,0.34384,0.039884
1692,-0.55588,-0.33614,0.23535,8416.7,8514.6,5.3317,7.1695,0.039825,0.33614,0.039825
1696,-0.54312,-0.33076,0.23257,8445.3,8516.2,6.2647,7.182,0.0018697,0.33076,0.0018697
1700,-0.53053,-0.31886,0.21258,8474.0,8518.2,7.1496,7.194,0.0068997,0.31886,0.0068997
1704,-0.51769,-0.3102,0.20604,8502.7,8520.8,7.994,7.2065,0.029768,0.3102,0.029768
1708,-0.50496,-0.29526,0.18384,8531.4,8523.8,8.777,7.2186,0.050371,0.29526,0.050371
1712,-0.4918,-0.28002,0.16858,8560.1,8527.2,9.4763,7.2311,0.02721,0.28002,0.02721
1716,-0.47857,-0.26326,0.15051,8588.8,8531.1,10.12,7.2437,0.057073,0.26326,0.057073
1720,-0.4651,-0.24533,0.13366,8617.5,8535.3,10.688,7.2565,0.051421,0.24533,0.051421
1724,-0.45143,-0.22924,0.12324,8646.2,8539.9,11.206,7.2697,0.056038,0.22924,0.056038
1728,-0.4378,-0.2131,0.1117,8674.8,8544.8,11.682,7.2828,0.06438,0.2131,0.06438
1732,-0.4243,-0.19365,0.09257,8703.5,8550.0,12.088,7.2958,0.056816,0.19365,0.056816
1736,-0.41075,-0.17317,0.074781,8732.2,8555.5,12.414,7.3088,0.036231,0.17317,0.036231
1740,-0.3975,-0.15065,0.050615,8760.9,8561.2,12.68,7.3215,0.10645,0.15065,0.10645
1744,-0.38371,-0.13464,0.050895,8789.6,8567.2,12.875,7.335,0.037718,0.13464,0.037718
1748,-0.37065,-0.11327,0.028449,8818.3,8573.3,13.041,7.3477,0.081276,0.11327,0.081276
1752,-0.35757,-0.093339,0.014194,8847.1,8579.5,13.132,7.3605,0.085382,0.093339,0.085382
1756,-0.34448,-0.07816,0.012691,8875.9,8585.9,13.186,7.3734,0.056564,0.07816,0.056564
1760,-0.33204,-0.059364,-0.0019664,8904.7,8592.4,13.194,7.3857,0.024751,0.059364,0.024751
1764,-0.31983,-0.041963,-0.013823,8933.5,8598.9,13.161,7.3978,0.043008,0.041963,0.043008
1768,-0.30793,-0.026046,-0.023394,8962.4,8605.5,13.094,7.4096,0.069594,0.026046,0.069594
1772,-0.29633,-0.01178,-0.028845,8991.3,8612.1,12.988,7.4212,0.05175,0.01178,0.05175
1776,-0.28544,0.005804,-0.046426,9020.2,8618.7,12.843,7.4321,0.07631,0.005804,0.07631
1780,-0.27471,0.019826,-0.050572,9049.2,8625.4,12.644,7.4428,0.044072,0.019826,0.044072
1784,-0.26429,0.029438,-0.049083,9078.3,8631.9,12.454,7.4533,0.060285,0.029438,0.060285
1788,-0.25464,0.042656,-0.057962,9107.4,8638.5,12.217,7.463,-0.0023301,0.042656,0.0023301
1792,-0.24514,0.050521,-0.059299,9136.6,8644.9,12.004,7.4725,0.077089,0.050521,0.077089
1796,-0.23601,0.058598,-0.059919,9165.8,8651.3,11.756,7.4817,0.024932,0.058598,0.024932
1800,-0.22724,0.065418,-0.061715,9195.1,8657.6,11.511,7.4905,0.028372,0.065418,0.028372
1804,-0.21899,0.074364,-0.072235,9224.4,8663.7,11.252,7.4989,0.066567,0.074364,0.066567
1808,-0.21103,0.080862,-0.071669,9253.8,8669.8,10.956,7.5069,0.023178,0.080862,0.023178
1812,-0.20329,0.084025,-0.067382,9283.2,8675.8,10.679,7.5147,0.027919,0.084025,0.027919
1816,-0.19609,0.089152,-0.069822,9312.7,8681.6,10.388,7.5219,-0.0086442,0.089152,0.0086442
1820,-0.18914,0.091309,-0.065991,9342.3,8687.3,10.103,7.5289,-0.022387,0.091309,0.022387
1824,-0.18241,0.093501,-0.067334,9371.9,8692.9,9.835,7.5357,0.0090461,0.093501,0.0090461
1828,-0.17588,0.09542,-0.06914,9401.6,8698.4,9.5686,7.5422,0.038974,0.09542,0.038974
1832,-0.16962,0.094845,-0.065512,9431.3,8703.7,9.314,7.5485,0.062379,0.094845,0.062379
1836,-0.16355,0.093398,-0.058209,9461.0,8708.9,9.0536,7.5545,8.6795e-05,0.093398,8.6795e-05
1840,-0.15791,0.097937,-0.071356,9490.8,8714.0,8.7932,7.5602,0.028405,0.097937,0.028405
1844,-0.15223,0.090678,-0.048768,9520.7,8718.9,8.5526,7.5658,0.00084349,0.090678,0.00084349
1848,-0.14681,0.08971,-0.051531,9550.6,8723.7,8.3396,7.5712,-0.011477,0.08971,0.011477
1852,-0.14158,0.090514,-0.059038,9580.5,8728.4,8.1259,7.5765,0.036816,0.090514,0.036816
1856,-0.13644,0.083121,-0.039316,9610.5,8733.0,7.9189,7.5815,-0.017884,0.083121,0.017884
1860,-0.13157,0.083354,-0.051673,9640.5,8737.4,7.7556,7.5864,0.063853,0.083354,0.063853
1864,-0.12681,0.080414,-0.043775,9670.5,8741.8,7.5487,7.5911,-0.0083004,0.080414,0.0083004
1868,-0.1221,0.075955,-0.037698,9700.6,8746.1,7.3847,7.5958,0.001535,0.075955,0.001535
1872,-0.11754,0.072667,-0.037452,9730.7,8750.2,7.2414,7.6003,0.029148,0.072667,0.029148
1876,-0.11311,0.068066,-0.031779,9760.8,8754.3,7.1038,7.6047,0.018908,0.068066,0.018908
1880,-0.10882,0.064046,-0.028227,9791.0,8758.3,6.9782,7.6089,0.0022659,0.064046,0.0022659
1884,-0.10476,0.063124,-0.033265,9821.2,8762.2,6.8532,7.613,0.014217,0.063124,0.014217
1888,-0.10076,0.058083,-0.025776,9851.4,8766.1,6.7441,7.617,0.030375,0.058083,0.030375
1892,-0.096898,0.053312,-0.021293,9881.6,8769.8,6.6575,7.6208,0.034855,0.053312,0.034855
1896,-0.093136,0.04867,-0.016594,9911.9,8773.5,6.58,7.6245,0.014666,0.04867,0.014666
1900,-0.089606,0.047208,-0.01923,9942.2,8777.2,6.4955,7.628,-0.0092924,0.047208,0.0092924
1904,-0.086124,0.039682,-0.0083492,9972.5,8780.8,6.4583,7.6315,0.036842,0.039682,0.036842
1908,-0.082792,0.037317,-0.0096488,10003.0,8784.4,6.4076,7.6348,-0.008194,0.037317,0.008194
1912,-0.079504,0.032334,-0.0053999,10033.0,8787.9,6.3855,7.6381,0.021521,0.032334,0.021521
1916,-0.076453,0.030015,-0.0047178,10064.0,8791.5,6.3465,7.6411,-0.024449,0.030015,0.024449
1920,-0.073572,0.030058,-0.011028,10094.0,8794.9,6.3101,7.644,-0.0019019,0.030058,0.0019019
1924,-0.070647,0.024204,-0.00088077,10124.0,8798.4,6.299,7.6469,0.028482,0.024204,0.028482
1928,-0.067915,0.022849,-0.0019764,10155.0,8801.9,6.2765,7.6496,-0.015352,0.022849,0.015352
1932,-0.065271,0.018754,0.00014061,10185.0,8805.3,6.2942,7.6523,0.051039,0.018754,0.051039
1936,-0.062683,0.016386,0.0026294,10216.0,8808.7,6.2893,7.6548,0.0029954,0.016386,0.0029954
1940,-0.060188,0.014298,0.0017247,10246.0,8812.1,6.3045,7.6573,0.027655,0.014298,0.027655
1944,-0.057797,0.01284,0.0012636,10276.0,8815.5,6.3137,7.6597,0.028656,0.01284,0.028656
1948,-0.055548,0.010094,0.0036498,10307.0,8819.0,6.3369,7.662,0.048782,0.010094,0.048782
1952,-0.053367,0.0090678,0.0051192,10337.0,8822.4,6.3403,7.6641,-0.0045386,0.0090678,0.0045386
1956,-0.051206,0.005003,0.011973,10368.0,8825.8,6.3735,7.6663,-0.00013589,0.005003,0.00013589
1960,-0.049243,0.005803,0.0032403,10398.0,8829.2,6.4099,7.6683,0.033329,0.005803,0.033329
1964,-0.04735,0.0040514,0.0052328,10429.0,8832.7,6.44,7.6702,0.050657,0.0040514,0.050657
1968,-0.045482,0.0033455,0.0066284,10459.0,8836.2,6.458,7.672,0.015418,0.0033455,0.015418
1972,-0.043753,0.0040293,0.0016464,10490.0,8839.6,6.4869,7.6737,0.049908,0.0040293,0.049908
1976,-0.042026,0.0026798,0.0063387,10520.0,8843.1,6.5024,7.6755,0.023712,0.0026798,0.023712
1980,-0.040378,0.00047655,0.012618,10551.0,8846.6,6.5254,7.6771,-0.019527,0.00047655,0.019527
1984,-0.038866,0.0012056,0.0053811,10581.0,8850.1,6.5707,7.6786,0.032524,0.0012056,0.032524
1988,-0.037386,0.0021474,0.0022774,10612.0,8853.6,6.5932,7.6801,0.042826,0.0021474,0.042826
1992,-0.035926,0.0026466,0.00314,10642.0,8857.2,6.6015,7.6816,0.021378,0.0026466,0.021378
1996,-0.034477,-0.0020882,0.015296,10673.0,8860.7,6.6428,7.683,0.016035,0.0020882,0.016035
2000,-0.033342,-0.0019349,0.013763,10703.0,8864.3,6.6735,7.6842,-0.044507,0.0019349,0.044507
2004,-0.032274,0.00068496,0.0031845,10734.0,8867.9,6.7099,7.6852,0.0085038,0.00068496,0.0085038
2008,-0.031023,-0.00037392,0.0061437,10764.0,8871.5,6.7405,7.6865,0.038697,0.00037392,0.038697
2012,-0.029882,0.0018777,0.0026382,10795.0,8875.1,6.7456,7.6876,0.0025749,0.0018777,0.0025749
2016,-0.028756,0.0019278,0.0023848,10825.0,8878.7,6.7696,7.6887,0.044541,0.0019278,0.044541
2020,-0.027639,0.0014942,0.00671,10856.0,8882.3,6.777,7.6899,-5.8622e-05,0.0014942,5.8622e-05
2024,-0.026736,0.0031905,-0.0012641,10887.0,8886.0,6.8103,7.6908,0.07,0.0031905,0.07
2028,-0.025764,0.00217,0.0078533,10917.0,8889.6,6.801,7.6917,-0.02137,0.00217,0.02137
2032,-0.024968,0.0061606,-0.0057613,10948.0,8893.3,6.8193,7.6925,0.050385,0.0061606,0.050385
2036,-0.024012,0.0057643,0.0021457,10978.0,8897.0,6.7989,7.6935,-0.0055958,0.0057643,0.0055958
2040,-0.023188,0.0078671,-0.0019723,11009.0,8900.6,6.7925,7.6943,0.000534,0.0078671,0.000534
2044,-0.022269,0.0036593,0.0087891,11039.0,8904.3,6.8181,7.6952,0.027346,0.0036593,0.027346
2048,-0.021419,0.00097437,0.01418,11070.0,8908.0,6.8492,7.6961,-0.017517,0.00097437,0.017517
2052,-0.020824,0.0051974,-0.0019911,11100.0,8911.7,6.8754,7.6967,0.025962,0.0051974,0.025962
2056,-0.020084,0.0049645,0.0041738,11131.0,8915.4,6.8616,7.6974,-0.023684,0.0049645,0.023684
2060,-0.019594,0.0091792,-0.0057435,11162.0,8919.1,6.8491,7.6979,-0.0084325,0.0091792,0.0084325
2064,-0.018832,0.0080083,-0.00010412,11192.0,8922.8,6.8454,7.6987,0.022156,0.0080083,0.022156
2068,-0.018253,0.012194,-0.010781,11223.0,8926.5,6.8303,7.6993,0.047067,0.012194,0.047067
2072,-0.01759,0.0073498,0.009264,11253.0,8930.2,6.8092,7.6999,-0.030615,0.0073498,0.030615
2076,-0.017237,0.0117,-0.0096558,11284.0,8933.9,6.8302,7.7003,0.068552,0.0117,0.068552
2080,-0.016624,0.010918,-0.0021746,11314.0,8937.6,6.8032,7.7009,0.023184,0.010918,0.023184
2084,-0.015997,0.009351,0.003707,11345.0,8941.3,6.7955,7.7015,-0.0089462,0.009351,0.0089462
2088,-0.015592,0.013598,-0.010733,11376.0,8945.0,6.7918,7.7019,0.047154,0.013598,0.047154
2092,-0.015033,0.0098558,0.0026918,11406.0,8948.7,6.7816,7.7025,0.028711,0.0098558,0.028711
2096,-0.014447,0.0068099,0.009318,11437.0,8952.3,6.7963,7.7031,-0.0056664,0.0068099,0.0056664
2100,-0.01415,0.011886,-0.0088964,11467.0,8956.0,6.8016,7.7034,0.038673,0.011886,0.038673
2104,-0.013681,0.012854,-0.0078317,11498.0,8959.7,6.7763,7.7038,0.044277,0.012854,0.044277
2108,-0.013441,0.012011,-0.0058441,11529.0,8963.4,6.775,7.7041,0.091445,0.012011,0.091445
2112,-0.013049,0.012682,-0.0025907,11559.0,8967.1,6.7392,7.7045,0.0015143,0.012682,0.0015143
2116,-0.01259,0.011987,-0.0023223,11590.0,8970.7,6.7405,7.7049,0.037147,0.011987,0.037147
2120,-0.012173,0.013044,-0.0034648,11620.0,8974.4,6.7189,7.7053,0.0052595,0.013044,0.0052595
2124,-0.011769,0.013518,-0.0034254,11651.0,8978.1,6.6992,7.7057,0.0019656,0.013518,0.0019656
2128,-0.01154,0.013163,-0.0061806,11682.0,8981.7,6.7087,7.706,0.079891,0.013163,0.079891
2132,-0.011214,0.0148,-0.0062433,11712.0,8985.3,6.6696,7.7063,0.010409,0.0148,0.010409
2136,-0.010778,0.010285,0.0052662,11743.0,8989.0,6.6759,7.7067,0.022063,0.010285,0.022063
2140,-0.010475,0.012392,-0.0042202,11773.0,8992.6,6.6796,7.707,0.032846,0.012392,0.032846
2144,-0.01022,0.016072,-0.010816,11804.0,8996.2,6.6397,7.7073,0.010765,0.016072,0.010765
2148,-0.0098985,0.014806,-0.0059254,11835.0,8999.9,6.622,7.7076,0.046719,0.014806,0.046719
2152,-0.0096047,0.012396,0.0040719,11865.0,9003.5,6.5968,7.7079,-0.028007,0.012396,0.028007
2156,-0.0093556,0.012875,-0.0020225,11896.0,9007.1,6.6061,7.7082,0.019479,0.012875,0.019479
2160,-0.0090438,0.011952,0.0012125,11926.0,9010.7,6.5939,7.7085,-0.0070818,0.011952,0.0070818
2164,-0.0088703,0.014821,-0.0096088,11957.0,9014.2,6.589,7.7086,0.047276,0.014821,0.047276
2168,-0.0085531,0.012751,-4.4056e-05,11988.0,9017.8,6.5635,7.709,0.0065518,0.012751,0.0065518
2172,-0.0084421,0.016908,-0.011046,12018.0,9021.4,6.5338,7.7091,0.010611,0.016908,0.010611
2176,-0.0081277,0.011827,0.0039247,12049.0,9025.0,6.5288,7.7094,0.021074,0.011827,0.021074
2180,-0.0079543,0.014361,-0.0054864,12080.0,9028.5,6.5199,7.7096,0.016635,0.014361,0.016635
2184,-0.0076639,0.0099618,0.0053233,12110.0,9032.1,6.5287,7.7098,0.026768,0.0099618,0.026768
2188,-0.0074956,0.01211,-0.0028698,12141.0,9035.6,6.5255,7.71,0.012245,0.01211,0.012245
2192,-0.0073421,0.011768,-0.0041129,12172.0,9039.2,6.5309,7.7102,0.060325,0.011768,0.060325
2196,-0.0071309,0.012116,-0.0025899,12202.0,9042.7,6.5102,7.7104,0.016793,0.012116,0.016793
2200,-0.006988,0.014646,-0.0074821,12233.0,9046.3,6.4819,7.7105,0.0065457,0.014646,0.0065457
2204,-0.006717,0.010706,0.0051843,12263.0,9049.8,6.473,7.7108,-0.0074252,0.010706,0.0074252
2208,-0.0066276,0.012689,-0.0031497,12294.0,9053.3,6.4714,7.7109,0.0057423,0.012689,0.0057423
2212,-0.0063991,0.011186,7.584e-05,12325.0,9056.9,6.472,7.7111,0.025809,0.011186,0.025809
2216,-0.0061533,0.007955,0.0074958,12355.0,9060.4,6.4836,7.7114,0.0054913,0.007955,0.0054913
2220,-0.0061061,0.011008,-0.0058557,12386.0,9063.9,6.4974,7.7114,0.050354,0.011008,0.050354
2224,-0.0059329,0.010486,0.00024931,12417.0,9067.4,6.4722,7.7116,-0.0057015,0.010486,0.0057015
2228,-0.0058027,0.011753,-0.0039862,12447.0,9070.9,6.4671,7.7117,0.020207,0.011753,0.020207
2232,-0.005724,0.012111,-0.0009215,12478.0,9074.5,6.438,7.7118,-0.02471,0.012111,0.02471
2236,-0.0055541,0.0095859,0.0025753,12509.0,9078.0,6.4562,7.712,0.032195,0.0095859,0.032195
2240,-0.005543,0.011555,-0.0013523,12539.0,9081.5,6.4369,7.712,-0.0194,0.011555,0.0194
2244,-0.0054653,0.011575,-0.0043261,12570.0,9085.0,6.4459,7.712,0.053048,0.011575,0.053048
2248,-0.0053418,0.011034,0.0010499,12601.0,9088.5,6.4215,7.7122,-0.012698,0.011034,0.012698
2252,-0.0051703,0.0091804,0.0038497,12631.0,9092.0,6.4329,7.7123,0.008093,0.0091804,0.008093
2256,-0.0051507,0.011091,-0.0056284,12662.0,9095.5,6.4457,7.7124,0.060389,0.011091,0.060389
2260,-0.0050191,0.0071428,0.0092051,12692.0,9099.0,6.4355,7.7125,-0.019207,0.0071428,0.019207
2264,-0.0050408,0.010102,-0.0045598,12723.0,9102.5,6.4548,7.7125,0.040755,0.010102,0.040755
2268,-0.0048857,0.0078462,0.0030999,12754.0,9106.0,6.4553,7.7126,0.026714,0.0078462,0.026714
2272,-0.0048467,0.010714,-0.0041001,12784.0,9109.5,6.4432,7.7127,0.007463,0.010714,0.007463
2276,-0.0047115,0.010159,-0.0019962,12815.0,9113.0,6.4404,7.7128,0.03384,0.010159,0.03384
2280,-0.0046418,0.012757,-0.007066,12846.0,9116.5,6.4182,7.7129,0.021524,0.012757,0.021524
2284,-0.0045627,0.010084,0.005143,12876.0,9120.0,6.3945,7.7129,-0.034972,0.010084,0.034972
2288,-0.0047366,0.014217,-0.012008,12907.0,9123.5,6.4041,7.7128,0.068417,0.014217,0.068417
2292,-0.0046878,0.0082471,0.0083064,12938.0,9126.9,6.3962,7.7128,0.01799,0.0082471,0.01799
2296,-0.0047063,0.011808,-0.004658,12968.0,9130.4,6.3964,7.7128,0.01613,0.011808,0.01613
2300,-0.0045448,0.0063214,0.0095856,12999.0,9133.9,6.4149,7.713,0.021835,0.0063214,0.021835
2304,-0.0045383,0.0084708,-0.0021396,13030.0,9137.4,6.4402,7.713,0.053694,0.0084708,0.053694
2308,-0.0045265,0.0067735,0.0019075,13060.0,9140.9,6.4537,7.713,0.058764,0.0067735,0.058764
2312,-0.004471,0.0085138,-0.00058677,13091.0,9144.4,6.4413,7.713,0.0033603,0.0085138,0.0033603
2316,-0.0043931,0.010007,-0.0032887,13122.0,9147.9,6.4314,7.7131,0.012331,0.010007,0.012331
2320,-0.0042975,0.011237,-0.0044227,13152.0,9151.3,6.4149,7.7132,0.016597,0.011237,0.016597
2324,-0.004251,0.0092411,-8.9283e-05,13183.0,9154.8,6.425,7.7133,0.055511,0.0092411,0.055511
2328,-0.0043363,0.013646,-0.0080959,13214.0,9158.3,6.3866,7.7132,-0.0067098,0.013646,0.0067098
2332,-0.0041766,0.010105,0.0027888,13244.0,9161.8,6.3844,7.7133,0.017734,0.010105,0.017734
2336,-0.0040671,0.0097296,0.0012364,13275.0,9165.3,6.3937,7.7134,0.022373,0.0097296,0.022373
2340,-0.0039567,0.0065245,0.0099718,13306.0,9168.7,6.4018,7.7135,-0.020616,0.0065245,0.020616
2344,-0.0039313,0.0070303,0.0030576,13336.0,9172.2,6.4303,7.7136,0.016557,0.0070303,0.016557
2348,-0.0038668,0.0083079,-0.0015098,13367.0,9175.7,6.4364,7.7136,0.029255,0.0083079,0.029255
2352,-0.0038402,0.011374,-0.0073687,13398.0,9179.2,6.416,7.7137,0.024188,0.011374,0.024188
2356,-0.0036949,0.0077685,0.0056822,13428.0,9182.7,6.4103,7.7138,0.0030096,0.0077685,0.0030096
2360,-0.0038039,0.011035,-0.0036244,13459.0,9186.2,6.4003,7.7137,-0.0075916,0.011035,0.0075916
2364,-0.0036898,0.0097405,0.00062865,13490.0,9189.7,6.3979,7.7138,0.013656,0.0097405,0.013656
2368,-0.003612,0.0088414,0.0035236,13520.0,9193.1,6.3959,7.7139,-0.0082464,0.0088414,0.0082464
2372,-0.0036839,0.012626,-0.0090848,13551.0,9196.6,6.3929,7.7138,0.040327,0.012626,0.040327
2376,-0.0036472,0.0090152,0.0025054,13581.0,9200.1,6.3924,7.7139,0.042698,0.0090152,0.042698
2380,-0.0035581,0.0083376,0.0035303,13612.0,9203.6,6.397,7.7139,0.0098341,0.0083376,0.0098341
2384,-0.0034995,0.008609,-4.3585e-05,13643.0,9207.0,6.4112,7.714,0.034667,0.008609,0.034667
2388,-0.0034269,0.0086155,0.0014962,13673.0,9210.5,6.4044,7.7141,0.0021185,0.0086155,0.0021185
2392,-0.0033407,0.0071913,0.0030357,13704.0,9214.0,6.4229,7.7142,0.031784,0.0071913,0.031784
2396,-0.0033618,0.010605,-0.0064202,13735.0,9217.5,6.4154,7.7141,0.032179,0.010605,0.032179
2400,-0.0032791,0.010624,-0.0029622,13765.0,9221.0,6.397,7.7142,0.021943,0.010624,0.021943
2404,-0.0032222,0.011372,-0.0028477,13796.0,9224.4,6.38,7.7143,0.0090696,0.011372,0.0090696
2408,-0.0032737,0.010626,0.0027085,13827.0,9227.9,6.3581,7.7142,-0.03737,0.010626,0.03737
2412,-0.0032685,0.010413,-0.00023235,13857.0,9231.4,6.3707,7.7142,0.018224,0.010413,0.018224
2416,-0.0031921,0.0096689,0.0020908,13888.0,9234.8,6.3674,7.7143,0.0011035,0.0096689,0.0011035
2420,-0.0031003,0.0079124,0.0050035,13919.0,9238.3,6.3801,7.7144,0.0061642,0.0079124,0.0061642
2424,-0.0030811,0.0091218,-0.00092674,13949.0,9241.8,6.3899,7.7144,0.023797,0.0091218,0.023797
2428,-0.0030354,0.010013,-0.0028183,13980.0,9245.2,6.3847,7.7145,0.028122,0.010013,0.028122
2432,-0.0029758,0.0076689,0.0064417,14011.0,9248.7,6.3768,7.7145,-0.019908,0.0076689,0.019908
2436,-0.0030859,0.010579,-0.0039671,14041.0,9252.2,6.3793,7.7144,0.01022,0.010579,0.01022
2440,-0.0030136,0.0098037,-0.0011292,14072.0,9255.6,6.3769,7.7145,0.030533,0.0098037,0.030533
2444,-0.0029485,0.009331,0.0001432,14103.0,9259.1,6.3773,7.7146,0.027078,0.009331,0.027078
2448,-0.0028978,0.0093077,-0.00050574,14133.0,9262.6,6.3804,7.7146,0.030956,0.0093077,0.030956
2452,-0.0030834,0.010687,0.00042211,14164.0,9266.0,6.3494,7.7144,-0.046205,0.010687,0.046205
2456,-0.0031519,0.011107,-0.0044897,14195.0,9269.5,6.3633,7.7144,0.049,0.011107,0.049
2460,-0.0030675,0.0090308,0.0033392,14225.0,9272.9,6.3558,7.7144,0.010638,0.0090308,0.010638
2464,-0.0031183,0.010549,-0.00064788,14256.0,9276.4,6.3467,7.7144,-0.011244,0.010549,0.011244
2468,-0.0030722,0.010494,-0.0017431,14287.0,9279.9,6.3496,7.7144,0.026399,0.010494,0.026399
2472,-0.0030362,0.010287,-0.0019485,14317.0,9283.3,6.3513,7.7145,0.041905,0.010287,0.041905
2476,-0.0029625,0.0091648,0.001753,14348.0,9286.8,6.3494,7.7145,0.020022,0.0091648,0.020022
2480,-0.0028504,0.0054582,0.0099535,14379.0,9290.2,6.3712,7.7147,0.0067575,0.0054582,0.0067575
2484,-0.0030738,0.010658,-0.0060094,14409.0,9293.7,6.366,7.7144,0.0025962,0.010658,0.0025962
2488,-0.0031701,0.011613,-0.0084641,14440.0,9297.1,6.3625,7.7143,0.072134,0.011613,0.072134
2492,-0.003234,0.009263,0.00059523,14471.0,9300.6,6.3551,7.7143,0.051283,0.009263,0.051283
2496,-0.0032016,0.0098978,0.00028819,14501.0,9304.0,6.3437,7.7143,0.0021696,0.0098978,0.0021696
2500,-0.0032184,0.011847,-0.0041636,14532.0,9307.5,6.3291,7.7143,0.0034117,0.011847,0.0034117
2504,-0.0031303,0.010901,-0.00088732,14563.0,9310.9,6.3231,7.7144,0.01971,0.010901,0.01971
2508,-0.0030344,0.0084757,0.0041887,14593.0,9314.4,6.3347,7.7145,0.024654,0.0084757,0.024654
2512,-0.0030228,0.0086254,0.0032367,14624.0,9317.8,6.3354,7.7145,-0.0092759,0.0086254,0.0092759
2516,-0.0030739,0.010296,-0.0049428,14655.0,9321.2,6.3483,7.7144,0.052925,0.010296,0.052925
2520,-0.0030841,0.00652,0.0056611,14685.0,9324.7,6.3605,7.7144,0.044649,0.00652,0.044649
2524,-0.0030452,0.0067694,0.0039695,14716.0,9328.1,6.3687,7.7145,0.0053822,0.0067694,0.0053822
2528,-0.0031592,0.011623,-0.010301,14747.0,9331.6,6.3619,7.7143,0.042148,0.011623,0.042148
2532,-0.0032952,0.010466,-0.0050055,14777.0,9335.1,6.3552,7.7142,0.078486,0.010466,0.078486
2536,-0.0033935,0.011165,2.7051e-05,14808.0,9338.5,6.3141,7.7141,-0.031766,0.011165,0.031766
2540,-0.0034318,0.012742,-0.00518,14839.0,9341.9,6.3066,7.7141,0.012409,0.012742,0.012409
2544,-0.0034074,0.005738,0.01136,14869.0,9345.4,6.3379,7.7141,0.040234,0.005738,0.040234
2548,-0.0033449,0.0042117,0.011114,14900.0,9348.8,6.3684,7.7142,-0.006424,0.0042117,0.006424
2552,-0.0033905,0.0065699,0.00053401,14931.0,9352.3,6.3899,7.7141,0.016112,0.0065699,0.016112
2556,-0.0033048,0.0058968,0.0022686,14961.0,9355.7,6.4016,7.7142,0.029673,0.0058968,0.029673
2560,-0.0035276,0.012245,-0.010747,14992.0,9359.2,6.3646,7.714,-0.0059648,0.012245,0.0059648
2564,-0.0034883,0.012788,-0.0085388,15023.0,9362.7,6.342,7.714,0.044649,0.012788,0.044649
2568,-0.0034112,0.011862,-0.00068018,15053.0,9366.1,6.311,7.7141,-0.0061437,0.011862,0.0061437
2572,-0.0033752,0.012346,-0.0040613,15084.0,9369.5,6.3117,7.7141,0.03597,0.012346,0.03597
2576,-0.0033673,0.011594,-0.0028278,15115.0,9373.0,6.3112,7.7141,0.052834,0.011594,0.052834
2580,-0.0033685,0.0069976,0.0077641,15145.0,9376.4,6.3319,7.7141,0.044505,0.0069976,0.044505
2584,-0.003433,0.0095806,-0.00025487,15176.0,9379.9,6.3278,7.7141,-0.0056716,0.0095806,0.0056716
2588,-0.0032996,0.0056081,0.0089685,15207.0,9383.3,6.3497,7.7142,0.010051,0.0056081,0.010051
2592,-0.0034282,0.0093079,-0.0065507,15237.0,9386.7,6.3704,7.7141,0.065786,0.0093079,0.065786
2596,-0.0034461,0.0098658,-0.0045982,15268.0,9390.2,6.3547,7.7141,0.049583,0.0098658,0.049583
2600,-0.0034837,0.014077,-0.012498,15299.0,9393.6,6.3216,7.714,0.041969,0.014077,0.041969
2604,-0.0033801,0.0096281,0.0054362,15329.0,9397.1,6.2998,7.7141,-0.0068128,0.0096281,0.0068128
2608,-0.003431,0.012226,-0.0045398,15360.0,9400.5,6.2996,7.7141,0.015538,0.012226,0.015538
2612,-0.0033379,0.00872,0.0042008,15391.0,9403.9,6.31,7.7142,0.032865,0.00872,0.032865
2616,-0.0032639,0.0082456,0.0036576,15421.0,9407.4,6.319,7.7142,0.0092819,0.0082456,0.0092819
2620,-0.0032156,0.008515,0.00012168,15452.0,9410.8,6.3332,7.7143,0.033215,0.008515,0.033215
2624,-0.0031647,0.0092395,-0.00042647,15483.0,9414.2,6.3247,7.7143,0.0079204,0.0092395,0.0079204
2628,-0.0031029,0.0074673,0.0024952,15513.0,9417.7,6.3417,7.7144,0.039917,0.0074673,0.039917
2632,-0.0030276,0.0063871,0.0054501,15544.0,9421.1,6.3489,7.7145,0.0040285,0.0063871,0.0040285
2636,-0.0030888,0.0097679,-0.0059875,15575.0,9424.6,6.3537,7.7144,0.03849,0.0097679,0.03849
2640,-0.0030332,0.009911,-0.003112,15605.0,9428.0,6.3387,7.7145,0.030986,0.009911,0.030986
2644,-0.0030492,0.013152,-0.008751,15636.0,9431.5,6.3097,7.7145,0.018953,0.013152,0.018953
2648,-0.0029999,0.0097475,0.0057199,15667.0,9434.9,6.2874,7.7145,-0.030158,0.0097475,0.030158
2652,-0.0031069,0.010634,0.00051113,15697.0,9438.3,6.2923,7.7144,-0.011784,0.010634,0.011784
2656,-0.003039,0.0095136,0.0020188,15728.0,9441.7,6.2992,7.7145,0.010493,0.0095136,0.010493
2660,-0.002951,0.0078082,0.0051722,15759.0,9445.2,6.3102,7.7146,0.0050296,0.0078082,0.0050296
2664,-0.0029391,0.0059447,0.004683,15789.0,9448.6,6.3473,7.7146,0.051399,0.0059447,0.051399
2668,-0.002918,0.0070381,0.0013774,15820.0,9452.0,6.3518,7.7146,0.01697,0.0070381,0.01697
2672,-0.0029097,0.0091332,-0.0037002,15851.0,9455.5,6.3471,7.7146,0.023892,0.0091332,0.023892
2676,-0.0028293,0.0082436,0.00074192,15881.0,9458.9,6.3428,7.7147,0.02036,0.0082436,0.02036
2680,-0.0028366,0.010494,-0.0054351,15912.0,9462.4,6.3375,7.7147,0.035274,0.010494,0.035274
2684,-0.0028459,0.013398,-0.0088049,15943.0,9465.8,6.3024,7.7147,0.015512,0.013398,0.015512
2688,-0.0028032,0.01282,-0.0049972,15973.0,9469.2,6.2856,7.7147,0.038528,0.01282,0.038528
2692,-0.0027172,0.0083172,0.0078109,16004.0,9472.7,6.2902,7.7148,0.010332,0.0083172,0.010332
2696,-0.0026766,0.0078626,0.0039123,16035.0,9476.1,6.3154,7.7148,0.022626,0.0078626,0.022626
2700,-0.0026162,0.0070299,0.0044804,16065.0,9479.5,6.3284,7.7149,0.011026,0.0070299,0.011026
2704,-0.0026328,0.0089248,-0.0017989,16096.0,9482.9,6.3311,7.7149,0.016679,0.0089248,0.016679
2708,-0.0026707,0.0087926,-0.0025659,16127.0,9486.4,6.3403,7.7148,0.058485,0.0087926,0.058485
2712,-0.0026756,0.0094063,6.8303e-05,16157.0,9489.8,6.3178,7.7148,-0.0070074,0.0094063,0.0070074
2716,-0.0026367,0.0091888,0.00031341,16188.0,9493.3,6.3197,7.7149,0.012306,0.0091888,0.012306
2720,-0.0027153,0.012558,-0.0070996,16219.0,9496.7,6.2975,7.7148,0.0064196,0.012558,0.0064196
2724,-0.0026292,0.010033,0.0013094,16249.0,9500.1,6.2929,7.7149,0.021836,0.010033,0.021836
2728,-0.0026552,0.0080733,0.0076741,16280.0,9503.5,6.2897,7.7148,-0.032845,0.0080733,0.032845
2732,-0.0027094,0.0086773,0.0011905,16311.0,9507.0,6.3109,7.7148,0.013588,0.0086773,0.013588
2736,-0.0026473,0.006321,0.0051533,16341.0,9510.4,6.3335,7.7149,0.033858,0.006321,0.033858
2740,-0.0027621,0.0072706,0.0041378,16372.0,9513.8,6.3263,7.7147,-0.031256,0.0072706,0.031256
2744,-0.0028242,0.0085461,-0.00086669,16403.0,9517.3,6.3333,7.7147,0.0066987,0.0085461,0.0066987
2748,-0.0028125,0.0089739,-0.0027368,16433.0,9520.7,6.3388,7.7147,0.044593,0.0089739,0.044593
2752,-0.0028488,0.0092395,0.0014923,16464.0,9524.1,6.3136,7.7147,-0.024727,0.0092395,0.024727
2756,-0.0029649,0.012279,-0.0067668,16495.0,9527.6,6.3011,7.7145,0.0079191,0.012279,0.0079191
2760,-0.0029133,0.012156,-0.0046942,16525.0,9531.0,6.2875,7.7146,0.034217,0.012156,0.034217
2764,-0.0028233,0.0065544,0.010706,16556.0,9534.4,6.3004,7.7147,0.010051,0.0065544,0.010051
2768,-0.0028535,0.0069649,0.0055219,16587.0,9537.8,6.3201,7.7146,-0.0077644,0.0069649,0.0077644
2772,-0.0028829,0.007149,0.0038795,16617.0,9541.3,6.3283,7.7146,-0.01204,0.007149,0.01204
2776,-0.0029359,0.0097464,-0.0051827,16648.0,9544.7,6.3336,7.7146,0.034771,0.0097464,0.034771
2780,-0.0028574,0.0089448,0.00062599,16679.0,9548.1,6.3193,7.7146,0.0082225,0.0089448,0.0082225
2784,-0.002861,0.0096128,-0.0031074,16709.0,9551.6,6.3276,7.7146,0.048125,0.0096128,0.048125
2788,-0.0028529,0.010509,-0.0040616,16740.0,9555.0,6.3173,7.7147,0.039808,0.010509,0.039808
2792,-0.0029379,0.01054,0.0014691,16771.0,9558.5,6.2852,7.7146,-0.037223,0.01054,0.037223
2796,-0.0029994,0.010641,0.0001001,16801.0,9561.9,6.2849,7.7145,-0.0082164,0.010641,0.0082164
2800,-0.0029243,0.0091282,0.0021826,16832.0,9565.3,6.2962,7.7146,0.021889,0.0091282,0.021889
2804,-0.0029472,0.0087556,-0.00049095,16863.0,9568.7,6.3158,7.7146,0.057412,0.0087556,0.057412
2808,-0.0028804,0.0038536,0.01365,16893.0,9572.1,6.3305,7.7146,-0.0078892,0.0038536,0.0078892
2812,-0.0031357,0.0099297,-0.0077627,16924.0,9575.6,6.3413,7.7144,0.028767,0.0099297,0.028767
2816,-0.0030728,0.01077,-0.0042828,16955.0,9579.0,6.3112,7.7144,0.0076371,0.01077,0.0076371
2820,-0.0031688,0.011869,-0.0081114,16985.0,9582.4,6.3104,7.7143,0.071878,0.011869,0.071878
2824,-0.003171,0.0098413,0.00065135,17016.0,9585.9,6.2974,7.7143,0.035405,0.0098413,0.035405
2828,-0.0031488,0.011024,-0.0015933,17047.0,9589.3,6.2845,7.7144,0.003322,0.011024,0.003322
2832,-0.0030634,0.0082191,0.0039907,17077.0,9592.7,6.3008,7.7144,0.032438,0.0082191,0.032438
2836,-0.0030099,0.0080183,0.0019928,17108.0,9596.1,6.3148,7.7145,0.02963,0.0080183,0.02963
2840,-0.0030142,0.0096753,-0.0012851,17139.0,9599.6,6.304,7.7145,-4.434e-05,0.0096753,4.434e-05
2844,-0.0029986,0.010136,-0.0035751,17169.0,9603.0,6.3075,7.7145,0.043981,0.010136,0.043981
2848,-0.002935,0.0098023,0.00010226,17200.0,9606.4,6.2932,7.7146,0.0086152,0.0098023,0.0086152
2852,-0.0028704,0.0076773,0.0034839,17231.0,9609.8,6.3117,7.7146,0.036088,0.0076773,0.036088
2856,-0.0028355,0.0062359,0.0076034,17261.0,9613.3,6.3174,7.7147,-0.015369,0.0062359,0.015369
2860,-0.0031085,0.011265,-0.0068776,17292.0,9616.7,6.307,7.7144,-0.0064782,0.011265,0.0064782
2864,-0.0030001,0.0076824,0.0042892,17323.0,9620.1,6.3115,7.7145,0.020055,0.0076824,0.020055
2868,-0.0030123,0.0094748,-0.0010236,17353.0,9623.6,6.3084,7.7145,0.0039968,0.0094748,0.0039968
2872,-0.0029339,0.0085834,0.0011968,17384.0,9627.0,6.3127,7.7146,0.020198,0.0085834,0.020198
2876,-0.0029263,0.010323,-0.0042511,17415.0,9630.4,6.3112,7.7146,0.035365,0.010323,0.035365
2880,-0.0028442,0.0089578,0.0015959,17445.0,9633.8,6.3041,7.7147,0.015519,0.0089578,0.015519
2884,-0.0028189,0.0096722,-0.0019436,17476.0,9637.3,6.3094,7.7147,0.034571,0.0096722,0.034571
2888,-0.0028711,0.0090998,0.0037244,17507.0,9640.7,6.2887,7.7146,-0.033564,0.0090998,0.033564
2892,-0.0029621,0.0083172,0.0047366,17537.0,9644.1,6.2946,7.7145,-0.027415,0.0083172,0.027415
2896,-0.0029879,0.0093227,-0.0014688,17568.0,9647.5,6.3088,7.7145,0.025433,0.0093227,0.025433
2900,-0.0029333,0.0087939,-0.00018354,17599.0,9651.0,6.3123,7.7146,0.034981,0.0087939,0.034981
2904,-0.0028706,0.0084833,0.0017497,17629.0,9654.4,6.3087,7.7146,0.0082359,0.0084833,0.0082359
2908,-0.0028664,0.010132,-0.0038277,17660.0,9657.8,6.3095,7.7146,0.032007,0.010132,0.032007
2912,-0.0028356,0.0077356,0.002605,17691.0,9661.2,6.3187,7.7147,0.042454,0.0077356,0.042454
2916,-0.0029137,0.011349,-0.0054532,17721.0,9664.7,6.2982,7.7146,0.0039606,0.011349,0.0039606
2920,-0.0029303,0.010503,-0.0035021,17752.0,9668.1,6.3007,7.7146,0.056898,0.010503,0.056898
2924,-0.0028648,0.0082494,0.0045416,17783.0,9671.5,6.2965,7.7146,0.010543,0.0082494,0.010543
2928,-0.0028476,0.0092085,-0.00094826,17813.0,9674.9,6.3077,7.7147,0.030057,0.0092085,0.030057
2932,-0.0028202,0.010515,-0.0036144,17844.0,9678.4,6.2987,7.7147,0.026445,0.010515,0.026445
2936,-0.0027717,0.0078784,0.0032173,17875.0,9681.8,6.3086,7.7147,0.037999,0.0078784,0.037999
2940,-0.0027575,0.0090919,-0.0013152,17905.0,9685.2,6.3122,7.7147,0.029815,0.0090919,0.029815
2944,-0.002733,0.0085261,0.0029762,17936.0,9688.6,6.3005,7.7148,-0.013906,0.0085261,0.013906
2948,-0.002766,0.0095209,-0.00048292,17967.0,9692.1,6.3006,7.7147,0.0005194,0.0095209,0.0005194
2952,-0.0027547,0.0091218,-0.0013382,17997.0,9695.5,6.312,7.7148,0.046199,0.0091218,0.046199
2956,-0.0027503,0.0071626,0.0030935,18028.0,9698.9,6.3251,7.7148,0.044846,0.0071626,0.044846
2960,-0.0028479,0.011483,-0.006962,18059.0,9702.4,6.304,7.7147,0.010101,0.011483,0.010101
2964,-0.0027867,0.0076039,0.0043108,18089.0,9705.8,6.3126,7.7147,0.034757,0.0076039,0.034757
2968,-0.002818,0.010415,-0.0039959,18120.0,9709.2,6.3072,7.7147,0.020161,0.010415,0.020161
2972,-0.0027415,0.0068762,0.0083845,18151.0,9712.6,6.3041,7.7148,-0.018841,0.0068762,0.018841
2976,-0.0029771,0.011767,-0.0074879,18181.0,9716.1,6.3009,7.7145,0.0097717,0.011767,0.0097717
2980,-0.0028725,0.0072364,0.0064707,18212.0,9719.5,6.3062,7.7146,0.017839,0.0072364,0.017839
2984,-0.0029832,0.011477,-0.0063693,18243.0,9722.9,6.2986,7.7145,0.014889,0.011477,0.014889
2988,-0.0029455,0.007128,0.0053384,18273.0,9726.3,6.3128,7.7146,0.041138,0.007128,0.041138
2992,-0.0030022,0.0093075,-0.00025941,18304.0,9729.8,6.3049,7.7145,-0.0068073,0.0093075,0.0068073
2996,-0.0029782,0.0098618,-0.0028806,18335.0,9733.2,6.3089,7.7145,0.035367,0.0098618,0.035367
3000,-0.0028988,0.0079739,0.0030143,18365.0,9736.6,6.3117,7.7146,0.024223,0.0079739,0.024223
3004,-0.0029095,0.010187,-0.0030235,18396.0,9740.0,6.3049,7.7146,0.012733,0.010187,0.012733
3008,-0.0028158,0.0081896,0.0029447,18427.0,9743.5,6.3085,7.7147,0.018939,0.0081896,0.018939
3012,-0.0029387,0.013383,-0.011249,18457.0,9746.9,6.2906,7.7146,0.031713,0.013383,0.031713
3016,-0.0028673,0.0089769,0.0042258,18488.0,9750.3,6.283,7.7146,0.022404,0.0089769,0.022404
3020,-0.0028224,0.0086375,0.0033885,18519.0,9753.7,6.2903,7.7147,0.0032268,0.0086375,0.0032268
3024,-0.0027376,0.0064682,0.0061817,18549.0,9757.2,6.3138,7.7148,0.019342,0.0064682,0.019342
3028,-0.0027844,0.0093462,-0.0042702,18580.0,9760.6,6.3214,7.7147,0.037922,0.0093462,0.037922
3032,-0.0027086,0.0074315,0.0031012,18611.0,9764.0,6.3197,7.7148,0.019965,0.0074315,0.019965
3036,-0.002816,0.012159,-0.010334,18641.0,9767.4,6.3089,7.7147,0.041892,0.012159,0.041892
3040,-0.002755,0.0094068,0.001352,18672.0,9770.9,6.2948,7.7148,0.024608,0.0094068,0.024608
3044,-0.0027654,0.0077862,0.0070139,18703.0,9774.3,6.2914,7.7147,-0.028867,0.0077862,0.028867
3048,-0.0029321,0.011719,-0.0078315,18733.0,9777.7,6.2984,7.7146,0.035494,0.011719,0.035494
3052,-0.0029352,0.0093502,1.4076e-05,18764.0,9781.1,6.2976,7.7146,0.049532,0.0093502,0.049532
3056,-0.0029596,0.0098589,-0.0025698,18795.0,9784.6,6.3013,7.7145,0.051706,0.0098589,0.051706
3060,-0.0029003,0.0071164,0.0053766,18825.0,9788.0,6.3081,7.7146,0.024938,0.0071164,0.024938
3064,-0.0028646,0.006805,0.0050246,18856.0,9791.4,6.3178,7.7146,-0.0033846,0.006805,0.0033846
3068,-0.0030341,0.011148,-0.010286,18887.0,9794.8,6.325,7.7145,0.065898,0.011148,0.065898
3072,-0.0029955,0.0093369,0.00032378,18917.0,9798.3,6.3028,7.7145,0.021417,0.0093369,0.021417
3076,-0.0029528,0.0096487,0.00031046,18948.0,9801.7,6.296,7.7146,0.0026364,0.0096487,0.0026364
3080,-0.0030176,0.012653,-0.0065928,18979.0,9805.1,6.2761,7.7145,0.00542,0.012653,0.00542
3084,-0.002947,0.0092963,0.0025802,19009.0,9808.5,6.282,7.7146,0.035286,0.0092963,0.035286
3088,-0.0028975,0.0094317,0.00094591,19040.0,9811.9,6.2852,7.7146,0.017778,0.0094317,0.017778
3092,-0.0028437,0.0082536,0.0019232,19071.0,9815.4,6.2997,7.7147,0.036394,0.0082536,0.036394
3096,-0.0027897,0.0080561,0.0017548,19101.0,9818.8,6.3054,7.7147,0.021593,0.0080561,0.021593
3100,-0.002743,0.0069776,0.0053251,19132.0,9822.2,6.308,7.7148,-0.0091812,0.0069776,0.0091812
3104,-0.0027013,0.0062767,0.0036957,19163.0,9825.6,6.3327,7.7148,0.024762,0.0062767,0.024762
3108,-0.0027209,0.008648,-0.0023709,19193.0,9829.1,6.3287,7.7148,0.013032,0.008648,0.013032
3112,-0.0027803,0.012325,-0.010705,19224.0,9832.5,6.3104,7.7147,0.044021,0.012325,0.044021
3116,-0.0027142,0.00995,0.00059403,19255.0,9835.9,6.2912,7.7148,0.019686,0.00995,0.019686
3120,-0.0028046,0.013947,-0.0090084,19285.0,9839.4,6.2663,7.7147,0.012438,0.013947,0.012438
3124,-0.0027296,0.0080531,0.0079061,19316.0,9842.8,6.2743,7.7148,0.021695,0.0080531,0.021695
3128,-0.0030496,0.0109,0.00044005,19347.0,9846.2,6.2586,7.7145,-0.051203,0.0109,0.051203
3132,-0.0031808,0.0072615,0.0034966,19377.0,9849.6,6.3033,7.7143,0.07043,0.0072615,0.07043
3136,-0.0032223,0.0097623,-0.0018254,19408.0,9853.0,6.2889,7.7143,0.0043464,0.0097623,0.0043464
3140,-0.0031735,0.01051,-0.0025024,19439.0,9856.4,6.2784,7.7143,0.011264,0.01051,0.011264
3144,-0.0031202,0.0099883,-0.0016335,19469.0,9859.8,6.281,7.7144,0.03922,0.0099883,0.03922
3148,-0.0030195,0.0070188,0.0068975,19500.0,9863.2,6.2875,7.7145,0.0085191,0.0070188,0.0085191
3152,-0.0030702,0.0096623,-0.0023467,19531.0,9866.7,6.2902,7.7144,0.010669,0.0096623,0.010669
3156,-0.0030744,0.012362,-0.0079096,19561.0,9870.1,6.2712,7.7144,0.026166,0.012362,0.026166
3160,-0.0029834,0.0057146,0.011838,19592.0,9873.5,6.2821,7.7145,0.0078321,0.0057146,0.0078321
3164,-0.0030759,0.0059666,0.0076867,19623.0,9876.9,6.301,7.7144,-0.026553,0.0059666,0.026553
3168,-0.0033111,0.011666,-0.011482,19653.0,9880.3,6.3049,7.7142,0.047217,0.011666,0.047217
3172,-0.0032327,0.0065102,0.0077569,19684.0,9883.7,6.2968,7.7143,0.0085586,0.0065102,0.0085586
3176,-0.0032805,0.0096149,-0.0043668,19715.0,9887.2,6.3077,7.7142,0.036563,0.0096149,0.036563
3180,-0.0031728,0.0057941,0.0077205,19745.0,9890.6,6.3146,7.7143,0.013275,0.0057941,0.013275
3184,-0.0033949,0.011554,-0.0081019,19776.0,9894.0,6.2992,7.7141,0.0017821,0.011554,0.0017821
3188,-0.0032682,0.0081062,0.0038116,19807.0,9897.4,6.2971,7.7142,0.015598,0.0081062,0.015598
3192,-0.0033268,0.0095687,-0.0041716,19837.0,9900.9,6.3139,7.7142,0.063845,0.0095687,0.063845
3196,-0.0032733,0.0075982,0.0033858,19868.0,9904.3,6.311,7.7142,0.024913,0.0075982,0.024913
